72 46 1.715 30.755
72 0 14.13 -10.369000000000002
72 26 0.175 51.629
72 35 -14.169 -7.465
72 8 -8.829 9.219
84 46 1.6369999999999998 30.599
84 35 -15.357999999999999 -7.132999999999999
84 8 -9.297 10.447000000000001
84 26 0.175 51.629
84 0 14.52 -10.525
96 8 -9.687000000000001 11.732999999999999
96 46 1.4809999999999999 30.424
96 35 -16.528 -6.822
96 0 14.832 -10.681
96 26 0.175 51.629
108 46 1.403 30.424
108 0 15.222000000000001 -11.030999999999999
108 35 -17.715999999999998 -6.49
108 26 0.175 51.629
108 8 -10.017999999999999 12.708
120 0 15.456 -11.187000000000001
120 35 -18.886 -6.159
120 26 0.175 51.629
120 8 -9.375 10.252
120 46 1.325 30.268
132 35 -20.075 -5.847
132 26 0.175 51.629
132 46 1.247 30.112
132 8 -8.751 7.912999999999999
132 0 15.709000000000001 -11.343
144 46 1.15 29.936999999999998
144 26 0.175 51.629
144 8 -9.765 8.322000000000001
144 0 15.865 -11.655
144 35 -21.244 -5.516
156 8 -14.929 15.943
156 26 0.175 51.629
156 35 -25.531999999999996 -5.847
156 0 16.099 -11.85
156 46 0.9940000000000001 29.781
168 0 16.333 -12.162
168 35 -27.090999999999998 -6.002999999999999
168 8 -16.683 16.099
168 46 0.9940000000000001 29.625
168 26 0.175 51.629
180 8 -18.418 16.274
180 35 -27.090999999999998 -6.002999999999999
180 46 1.072 29.138
180 26 0.175 51.629
180 0 16.567 -12.318
192 26 0.175 51.629
192 8 -20.192 16.508
192 35 -27.090999999999998 -6.002999999999999
192 46 1.247 28.805999999999997
192 0 16.8 -12.474
204 46 1.325 28.319000000000003
204 35 -26.526999999999997 -6.065
204 26 0.175 51.629
204 8 -21.945999999999998 16.664
204 0 17.034000000000002 -12.785
216 26 0.175 51.629
216 46 1.4809999999999999 28.006999999999998
216 52 18.36 22.511
216 8 -23.68 16.82
216 35 -25.910999999999998 -6.132999999999999
216 0 17.268 -12.98
228 35 -25.296 -6.2010000000000005
228 52 18.847 22.666999999999998
228 46 1.5590000000000002 27.52
228 26 0.175 51.629
228 8 -23.36 16.494
228 0 17.502 -13.292
240 35 -24.68 -6.269
240 52 19.315 22.666999999999998
252 35 -24.065 -6.337000000000001
252 52 19.938 22.336
264 35 -23.449 -6.405
264 52 20.659000000000002 22.004
276 52 21.283 22.004
276 35 -22.834 -6.473
288 52 21.906999999999996 22.004
288 35 -22.218000000000004 -6.541
300 52 22.296999999999997 22.004
300 35 -21.603 -6.609
312 52 22.296999999999997 22.004
324 52 22.296999999999997 22.004
336 52 22.296999999999997 22.004
348 52 22.296999999999997 22.004
360 52 22.296999999999997 22.004
372 52 22.296999999999997 22.004
384 52 22.296999999999997 22.004
396 52 22.296999999999997 22.004
408 52 22.296999999999997 22.004
420 52 22.296999999999997 22.004
432 52 22.296999999999997 22.004
444 52 22.296999999999997 22.004
