60 26 2.29 33.048
60 10 -10.265999999999998 2.9219999999999997
60 11 -5.053999999999999 34.568000000000005
60 7 -17.727999999999998 12.181
60 2 5.528 9.595
60 27 1.185 35.555
60 28 -0.19699999999999998 33.857
60 14 0.29600000000000004 41.754
60 15 10.068 26.355
60 5 -11.607999999999999 0.257
60 4 -19.702 -1.204
60 16 -20.846999999999998 27.816
60 6 -26.099 0.809
60 12 -2.843 35.062
72 12 -3.159 35.062
72 2 4.935 10.977
72 28 -0.8290000000000001 33.384
72 26 1.895 33.048
72 10 -10.265999999999998 3.159
72 6 -26.099 0.809
72 11 -4.975 34.41
72 14 0.29600000000000004 41.28
72 4 -19.939 -1.3619999999999999
72 27 0.79 35.713
72 5 -11.370999999999999 0.257
72 15 11.806 25.724
72 16 -20.295 27.816
72 7 -16.781 12.181
84 14 0.375 40.609
84 11 -4.896 34.41
84 2 5.607 10.404000000000002
84 15 13.464 25.566
84 10 -10.265999999999998 3.0010000000000003
84 16 -19.663 27.816
84 12 -3.3960000000000004 35.062
84 26 1.5 33.048
84 4 -20.729 -1.3619999999999999
84 27 0.494 35.713
84 6 -26.099 0.809
84 28 -1.382 33.226
84 5 -11.213 0.257
84 7 -15.062999999999999 11.865
96 2 5.4879999999999995 12.437000000000001
96 27 0.099 35.555
96 6 -26.099 0.809
96 11 -4.817 34.251999999999995
96 28 -1.619 33.384
96 7 -13.8 12.023
96 12 -3.554 35.062
96 16 -19.11 27.658
96 26 1.0270000000000001 33.226
96 5 -11.055 0.415
96 10 -10.265999999999998 2.5269999999999997
96 15 15.182 25.408
96 14 0.5329999999999999 40.135
96 4 -21.519000000000002 -1.204
108 4 -22.308000000000003 -1.046
108 16 -18.557000000000002 27.658
108 2 6.278 10.977
108 26 0.6509999999999999 33.384
108 10 -10.265999999999998 2.1719999999999997
108 27 -0.276 35.397
108 15 16.977999999999998 25.25
108 28 -1.935 33.542
108 7 -12.556 11.865
108 11 -4.738 34.251999999999995
108 5 -10.898 0.573
108 12 -3.79 35.062
108 6 -26.099 0.809
108 14 0.691 39.504
120 4 -22.861 -1.046
120 5 -11.055 0.73
120 12 -3.948 35.062
120 11 -4.659 34.094
120 15 18.873 25.052
120 2 6.791 11.213
120 6 -26.099 0.809
120 28 -2.1719999999999997 33.857
120 26 0.257 33.542
120 16 -17.926 27.658
120 7 -11.370999999999999 10.878
120 10 -10.265999999999998 2.0140000000000002
120 14 0.77 39.01
120 27 -0.6709999999999999 35.397
132 28 -2.645 33.699
132 4 -23.414 -1.046
132 14 0.612 38.674
132 2 6.791 11.213
132 12 -4.146 35.062
132 5 -11.687000000000001 0.73
132 27 -1.1059999999999999 35.397
132 15 20.768 25.052
132 11 -4.58 33.936
132 6 -26.099 0.809
132 26 -0.19699999999999998 33.384
132 16 -17.373 27.5
132 10 -10.265999999999998 2.369
132 7 -10.187000000000001 10.245999999999999
144 26 -0.6709999999999999 33.384
144 28 -3.04 33.542
144 16 -16.741 27.5
144 27 -1.5 35.397
144 15 22.743000000000002 24.579
144 30 7.028 30.225
144 12 -4.343 35.062
144 11 -4.501 33.936
144 2 6.87 11.292
144 4 -23.888 -1.204
144 6 -26.099 0.809
144 14 0.691 38.043
144 10 -10.265999999999998 2.5269999999999997
144 7 -9.871 9.279
144 5 -12.319 0.73
156 7 -9.16 9.121
156 6 -26.099 0.809
156 14 0.77 37.253
156 15 24.796 24.105
156 11 -4.422 33.778
156 16 -16.188 27.5
156 26 -1.0659999999999998 33.226
156 10 -10.265999999999998 2.685
156 17 -8.252 33.147
156 2 6.949 11.370999999999999
156 12 -4.541 35.062
156 5 -12.398 0.73
156 28 -3.435 33.384
156 27 -1.8559999999999999 35.476
156 4 -24.44 -1.3619999999999999
156 30 6.396 30.383000000000003
168 5 -12.319 0.73
168 28 -3.83 33.226
168 16 -15.636 27.5
168 30 5.843999999999999 30.541
168 7 -8.529 7.995
168 27 -2.29 35.476
168 26 -1.54 33.226
168 6 -26.099 0.809
168 4 -24.914 -1.52
168 10 -10.265999999999998 3.0010000000000003
168 14 0.987 36.582
168 2 7.028 11.45
168 17 -7.936 32.949
168 11 -4.343 33.778
168 12 -4.7780000000000005 35.062
168 15 26.77 24.105
180 28 -4.146 33.384
180 14 1.224 36.029
180 2 7.028 11.628
180 4 -25.467 -1.52
180 27 -2.6060000000000003 35.397
180 12 -4.935 35.062
180 5 -12.319 0.73
180 15 26.585 24.275
180 6 -26.099 0.809
180 30 5.37 30.699
180 26 -1.935 33.226
180 10 -10.265999999999998 3.159
180 11 -4.263999999999999 33.778
180 16 -15.083 27.5
180 7 -7.897 6.85
180 17 -7.699 32.791
192 12 -5.172000000000001 35.062
192 27 -3.0010000000000003 35.397
192 30 4.817 31.034000000000002
192 5 -12.24 0.73
192 10 -10.265999999999998 3.475
192 4 -25.98 -1.52
192 16 -14.55 27.5
192 15 25.36 24.531
192 11 -4.62 34.094
192 2 6.436 11.055
192 26 -2.33 33.226
192 14 1.54 35.95
192 6 -26.099 0.809
192 28 -4.541 33.542
192 17 -7.699 32.318000000000005
192 7 -7.107 5.428999999999999
204 16 -13.997 27.5
204 2 6.515 11.055
204 4 -26.454 -1.52
204 10 -10.345 3.633
204 27 -3.3960000000000004 35.239000000000004
204 28 -4.857 33.857
204 14 1.974 35.634
204 11 -4.975 34.41
204 7 -6.396 4.126
204 30 4.263999999999999 31.37
204 6 -26.099 0.809
204 5 -12.24 0.73
204 17 -7.778 31.844
204 15 24.135 24.785999999999998
204 26 -2.7239999999999998 33.384
204 12 -5.33 35.062
216 28 -5.172000000000001 34.173
216 6 -26.099 0.809
216 10 -10.345 3.633
216 15 22.91 25.041
216 26 -3.1189999999999998 33.384
216 2 6.593999999999999 11.055
216 17 -7.778 31.528000000000002
216 14 2.5269999999999997 35.318000000000005
216 30 3.7110000000000003 31.844
216 7 -6.317 2.823
216 4 -26.967 -1.52
216 12 -5.567 35.062
216 27 -3.7110000000000003 35.239000000000004
216 11 -5.37 34.568000000000005
216 16 -13.444 27.5
216 5 -12.161 0.73
228 30 3.08 32.16
228 17 -7.778 31.686
228 12 -5.725 35.062
228 27 -4.106 35.239000000000004
228 2 6.672999999999999 11.055
228 4 -26.691999999999997 -1.5130000000000001
228 5 -12.082 0.573
228 6 -26.099 0.809
228 7 -5.843999999999999 1.56
228 10 -10.345 3.633
228 28 -5.567 34.330999999999996
228 11 -5.725 34.904
228 16 -12.890999999999998 27.5
228 26 -3.593 33.384
228 15 21.685 25.296
228 14 3.08 34.805
240 17 -7.778 31.844
240 30 2.448 32.633
252 17 -7.699 31.844
252 30 1.8159999999999998 32.633
264 17 -7.699 32.001999999999995
264 30 1.1059999999999999 32.633
276 17 -7.857 32.16
276 30 0.415 32.633
288 17 -8.094 32.318000000000005
288 30 -0.217 32.949
300 30 -0.75 33.147
300 17 -8.331 32.475
312 30 -1.382 33.305
312 17 -8.488999999999999 32.475
324 30 -2.0140000000000002 33.463
324 17 -8.726 32.318000000000005
336 30 -2.5660000000000003 33.62
336 17 -8.884 32.318000000000005
348 30 -3.1189999999999998 33.778
348 17 -8.647 32.791
360 30 -3.83 33.778
360 17 -8.41 33.147
372 30 -4.462 33.778
372 17 -8.41 33.147
384 17 -8.41 33.147
