468 22 3.7489999999999997 17.512999999999998
468 2 -5.29 42.474
480 22 2.927 17.512999999999998
480 2 -5.221 41.891999999999996
492 22 2.2430000000000003 16.657
492 2 -5.102 41.31
504 2 -5.033 40.83
504 22 1.5919999999999999 15.853
516 22 0.856 15.134
516 2 -4.999 40.385
528 2 -4.965 39.957
528 22 0.171 14.415
540 22 -0.5479999999999999 13.696
540 2 -4.93 39.529
552 22 -1.301 12.977
552 2 -4.913 39.016
564 2 -4.879 38.656
564 22 -2.02 12.275
576 22 -2.842 12.120999999999999
576 3 -4.845 37.954
588 22 -3.6639999999999997 11.984000000000002
588 3 -4.845 37.235
600 3 -4.776 36.516
612 3 -4.776 35.797
624 3 -4.776 34.941
636 3 -4.725 34.222
648 3 -4.725 33.503
660 3 -4.657 32.784
672 3 -4.657 32.356
684 3 -4.588 31.928
696 3 -4.588 31.5
708 3 -4.537 31.055
720 3 -4.468 30.781
732 3 -4.468 30.199
744 3 -4.4 29.771
756 3 -4.4 29.343000000000004
756 15 20.783 32.031
768 15 20.064 31.346
768 3 -4.348 28.915
780 3 -4.348 28.487
780 15 19.996 31.346
792 15 19.123 31.072
792 3 -4.092 27.768
804 3 -3.835 26.895
804 15 18.609 30.918000000000003
816 15 18.113 30.764
816 4 -3.5269999999999997 26.107
828 15 17.599 30.558000000000003
828 4 -3.27 25.250999999999998
840 15 17.102 30.421999999999997
840 4 -2.9619999999999997 24.395
852 4 -2.636 23.676
852 15 16.589000000000002 30.285
864 4 -2.636 22.956999999999997
864 15 16.024 29.976
876 4 -2.636 22.238000000000003
876 15 15.459000000000001 29.703000000000003
888 15 14.894 29.410999999999998
888 4 -2.636 21.673000000000002
900 4 -2.585 21.228
900 15 14.329 29.12
912 4 -2.585 20.663
912 15 13.747 28.983
924 15 13.182 28.983
924 4 -2.517 20.235
936 4 -2.448 19.79
936 15 12.549000000000001 28.983
948 15 11.984000000000002 28.846999999999998
948 4 -2.38 19.225
960 15 11.419 28.846999999999998
960 4 -2.38 18.797
972 4 -2.3280000000000003 18.369
972 15 10.854000000000001 28.846999999999998
984 15 10.22 28.846999999999998
984 4 -2.191 17.787
996 4 -2.003 17.222
996 16 9.587 28.846999999999998
1008 4 -1.952 16.572
1008 16 8.988 28.778000000000002
1020 4 -1.883 15.937999999999999
1020 16 8.44 28.761
1032 4 -1.849 15.219000000000001
1032 16 7.858 28.691999999999997
1044 4 -1.78 14.637
1044 16 7.327000000000001 28.691999999999997
1056 16 6.745 28.691999999999997
1068 16 6.18 28.624000000000002
1080 16 5.615 28.538
1092 10 20.15 32.989000000000004
1092 7 -11.984000000000002 19.157
1092 16 5.05 28.538
1104 16 4.485 28.401
1104 7 -12.325999999999999 19.430999999999997
1104 5 20.287 2.585
1104 10 19.773 32.853
1116 16 3.972 28.401
1116 5 20.081 2.294
1116 7 -12.377 19.875999999999998
1116 10 19.345 32.716
1128 10 18.951 32.425
1128 16 3.407 28.401
1128 7 -12.446 20.458
1128 5 19.91 2.157
1140 7 -12.514000000000001 20.869
1140 10 18.523 32.288000000000004
1140 5 19.705 2.157
1140 16 2.773 28.264
1152 16 2.208 28.264
1152 7 -12.565999999999999 21.314
1152 10 18.01 31.997
1152 5 19.664 2.1959999999999997
1164 5 19.680999999999997 2.261
1164 10 17.496 31.705
1164 16 1.575 28.264
1164 7 -12.634 21.879
1176 16 0.9590000000000001 28.264
1176 5 19.699 2.3280000000000003
1176 7 -12.565999999999999 22.307
1176 10 17.0 31.569000000000003
1188 5 19.717 2.394
1188 16 0.325 28.264
1188 7 -12.446 22.889
1188 10 16.555 31.278000000000002
1200 16 -0.308 28.264
1200 5 19.734 2.46
1200 10 15.99 31.141
1200 7 -12.325999999999999 23.471
1212 16 -0.873 28.264
1212 5 19.752 2.526
1212 10 15.425 31.141
1212 7 -12.189 24.035999999999998
1224 7 -12.069 24.464000000000002
1224 10 14.790999999999999 31.141
1224 16 -1.507 28.264
1224 5 19.77 2.592
1236 17 -2.0709999999999997 28.264
1236 7 -11.880999999999998 25.046
1236 10 14.225999999999999 31.141
1236 5 19.787 2.658
1248 5 19.805 2.7239999999999998
1248 10 13.593 30.986
1248 17 -2.705 28.264
1248 7 -11.761 25.611
1260 17 -3.27 28.264
1260 10 13.027999999999999 30.986
1260 5 19.822 2.79
1260 7 -11.761 26.039
1272 5 19.84 2.8560000000000003
1272 17 -3.903 28.264
1272 10 12.395 30.986
1272 7 -11.761 26.621
1284 10 11.83 30.986
1284 5 19.858 2.9219999999999997
1284 17 -4.468 28.264
1284 7 -11.761 27.031999999999996
1296 10 11.265 30.986
1296 7 -11.761 27.614
1296 5 19.875999999999998 2.988
1296 17 -5.102 28.264
1308 7 -11.624 28.059
1308 5 19.893 3.054
1308 17 -5.598 28.128
1308 10 10.7 30.986
1320 17 -6.112 28.128
1320 7 -11.248 28.624000000000002
1320 5 19.910999999999998 3.12
1320 10 10.135 30.986
1332 8 -10.870999999999999 28.915
1332 11 9.552999999999999 30.986
1332 17 -6.608 28.128
1332 5 19.929000000000002 3.1860000000000004
1344 17 -7.19 28.128
1344 6 19.945999999999998 3.252
1344 11 8.988 30.986
1344 8 -10.494000000000002 29.343000000000004
1356 11 8.491 30.986
1356 17 -7.687 27.991
1356 6 19.964000000000002 3.318
1356 8 -10.118 29.634
1368 6 19.982 3.385
1368 11 8.115 30.986
1368 17 -8.32 27.991
1368 8 -9.741 29.908
1380 11 7.7379999999999995 30.986
1380 13 20.407 34.941
1380 17 -8.885 27.991
1380 6 19.999000000000002 3.451
1380 8 -9.227 30.045
1392 8 -8.731 30.353
1392 17 -9.45 27.991
1392 11 7.361000000000001 30.986
1392 6 20.017 3.516
1392 13 20.15 34.496
1404 11 6.985 30.986
1404 6 20.034000000000002 3.582
1404 13 19.961 34.222
1404 8 -8.286 30.49
1404 17 -10.015 27.991
1416 17 -10.648 27.991
1416 13 19.722 33.777
1416 6 20.052 3.6489999999999996
1416 8 -7.789 30.764
1416 11 6.54 30.85
1428 13 19.516 33.366
1428 6 20.07 3.715
1428 17 -11.282 28.128
1428 8 -7.396 31.072
1428 11 5.718 30.558000000000003
1440 13 19.14 33.211999999999996
1440 17 -11.967 28.401
1440 6 20.087 3.781
1440 11 4.896 30.267
1440 8 -7.087999999999999 31.483
1452 6 20.105 3.847
1452 13 18.832 32.921
1452 11 4.074 29.976
1452 8 -6.7620000000000005 31.928
1452 17 -12.6 28.538
1464 11 3.321 29.839000000000002
1464 6 20.123 3.9130000000000003
1464 8 -6.454 32.356
1464 13 18.523 32.784
1464 17 -13.114 28.401
1476 6 20.141 3.9789999999999996
1476 8 -6.146 32.784
1476 11 2.8080000000000003 29.839000000000002
1476 13 18.01 32.51
1488 8 -6.146 33.211999999999996
1488 11 2.311 29.976
1488 6 20.158 4.045
1488 13 17.702 32.065
1500 13 17.375999999999998 31.791
1500 8 -6.146 33.64
1500 11 1.815 30.13
1500 6 20.176 4.111000000000001
1512 11 0.257 30.353
1512 6 20.194000000000003 4.177
1512 13 17.0 31.414
1512 8 -6.232 34.085
1524 13 16.623 31.123
1524 8 -6.3 34.582
1524 11 0.068 30.199
1524 6 20.211 4.243
1536 8 -6.367999999999999 35.078
1536 6 20.229 4.309
1536 11 -0.496 30.199
1536 13 16.247 30.85
1548 6 20.247 4.375
1548 13 15.87 30.558000000000003
1548 11 -1.01 30.199
1548 8 -6.403 35.575
1560 13 15.51 30.285
1560 6 20.264 4.441
1560 11 -1.507 30.199
1560 8 -6.454 36.088
1572 6 20.282 4.507
1572 13 15.065 30.113000000000003
1572 12 -2.0709999999999997 30.045
1572 9 -6.523 36.585
1584 9 -6.54 37.080999999999996
1584 12 -2.585 30.045
1584 13 14.637 29.976
1596 9 -6.608 37.595
1596 12 -3.15 30.045
1596 13 14.261 29.839000000000002
1608 9 -6.6770000000000005 38.074
1608 12 -3.6460000000000004 30.045
1608 13 13.815999999999999 29.703000000000003
1620 9 -6.711 38.588
1620 12 -4.16 29.908
1620 14 13.439 29.566
1632 9 -6.779 39.101
1632 14 13.011 29.410999999999998
1632 12 -4.725 29.908
1644 14 12.565999999999999 29.410999999999998
1644 9 -6.848 39.598
1644 12 -5.221 29.908
1656 12 -5.803999999999999 29.908
1656 9 -6.865 40.163000000000004
1656 14 12.189 29.256999999999998
1668 14 11.744000000000002 29.256999999999998
1668 12 -6.3 29.771
1668 9 -6.916 40.608000000000004
1680 14 11.299000000000001 29.256999999999998
1680 12 -6.796 29.771
1680 9 -6.985 41.104
1692 14 10.785 29.410999999999998
1692 12 -7.379 29.771
1692 9 -7.019 41.601000000000006
1704 12 -7.875 29.771
1704 14 10.34 29.410999999999998
1704 9 -7.087999999999999 42.114
1716 12 -8.44 29.634
1716 14 9.895 29.566
1716 9 -7.156000000000001 42.611000000000004
1728 9 -7.172999999999999 43.107
1728 12 -8.954 29.634
1728 14 9.467 29.566
1740 14 9.039 29.566
1740 12 -9.45 29.634
1740 9 -7.242000000000001 43.621
1752 14 8.645 29.566
1752 12 -10.015 29.634
1752 9 -7.31 44.117
1764 9 -7.379 44.699
1764 14 8.269 29.566
1764 12 -10.648 29.703000000000003
1776 12 -11.213 29.771
1776 9 -7.43 45.418
1776 14 7.841 29.566
1788 12 -11.847000000000001 29.908
1788 9 -7.497999999999999 45.983000000000004
1788 14 7.447 29.566
1800 14 7.07 29.566
1800 9 -7.567 46.548
1800 12 -12.412 30.045
1812 14 6.642 29.566
1824 14 6.249 29.410999999999998
1836 14 5.872000000000001 29.410999999999998
1848 14 5.444 29.410999999999998
