384 46 -8.902000000000001 29.052
384 8 13.285 32.288000000000004
384 35 -5.855 38.879
384 19 -1.2670000000000001 37.663000000000004
384 27 -0.223 11.624
384 22 -16.058 15.937999999999999
396 8 12.737 32.561
396 27 -0.9590000000000001 9.69
396 22 -15.853 15.493
396 19 -1.883 37.8
396 46 -9.107999999999999 28.624000000000002
396 35 -5.855 38.297
408 35 -5.922999999999999 37.732
408 22 -15.716 15.082
408 19 -2.431 37.8
408 46 -9.312999999999999 28.333000000000002
408 27 -1.2329999999999999 8.166
408 8 12.189 32.853
420 35 -5.922999999999999 37.167
420 27 -1.849 6.042999999999999
420 22 -15.579 14.637
420 46 -9.45 27.905
420 19 -2.9789999999999996 37.8
420 39 0.462 44.032
420 8 11.504000000000001 33.007
432 46 -9.655 27.614
432 22 -15.442 14.055
432 8 10.837 33.144
432 19 -3.51 37.663000000000004
432 39 0.599 43.33
432 35 -5.992000000000001 36.294000000000004
444 39 0.736 42.611000000000004
444 35 -5.992000000000001 35.575
444 8 10.289000000000001 33.281
444 46 -9.775 27.186
444 19 -4.04 37.663000000000004
444 22 -15.235999999999999 13.644
456 35 -6.129 34.873000000000005
456 39 0.9420000000000001 42.04600000000001
456 46 -9.912 26.758000000000003
456 8 9.827 33.417
456 19 -4.588 37.509
456 22 -15.099 13.199000000000002
468 46 -10.049 26.33
468 22 -15.099 12.617
468 39 1.061 41.464
468 8 9.279 33.571999999999996
468 35 -6.317 34.291
468 19 -5.136 37.509
480 23 -15.099 11.898
480 35 -6.523 33.571999999999996
480 47 -10.255 26.039
480 39 1.198 40.882
480 20 -5.684 37.509
480 8 8.731 33.726
492 8 8.252 34.0
492 23 -15.099 11.35
492 35 -6.728 32.989000000000004
492 39 1.541 40.471
492 47 -10.392000000000001 25.611
492 20 -6.3 37.509
504 35 -6.933 32.425
504 47 -10.46 25.183000000000003
504 20 -6.831 37.372
504 23 -15.168 10.7
504 8 7.635 34.0
504 39 1.883 40.231
516 47 -10.425999999999998 24.892
516 23 -15.305 10.255
516 20 -7.343999999999999 37.235
516 39 2.26 40.025999999999996
516 35 -7.172999999999999 31.997
516 8 7.138999999999999 34.222
528 39 2.602 39.803000000000004
528 20 -7.841 37.098
528 35 -7.447 31.5
528 8 6.625 34.496
528 23 -15.442 9.758
528 47 -10.357000000000001 24.601
540 20 -8.389 36.944
540 39 2.9619999999999997 39.598
540 35 -7.652 31.055
540 23 -15.579 9.399
540 47 -10.255 24.31
540 8 6.146 34.804
552 47 -10.22 24.035999999999998
552 35 -7.909 30.558000000000003
552 20 -8.902000000000001 36.653
552 39 3.338 39.306999999999995
552 8 5.684 34.804
552 23 -15.716 8.902000000000001
564 8 5.273 34.804
564 39 3.818 38.879
564 20 -9.45 36.516
564 23 -15.853 8.457
564 35 -8.183 30.061999999999998
564 47 -10.152000000000001 23.745
576 23 -15.99 8.046
576 47 -10.152000000000001 23.385
576 20 -9.981 36.311
576 39 4.28 38.588
576 36 -8.423 29.616999999999997
576 8 4.793 34.873000000000005
588 23 -16.127 7.601
588 20 -10.597000000000001 36.003
588 8 4.383 34.873000000000005
588 39 4.691 38.091
588 47 -10.289000000000001 22.82
588 36 -8.697000000000001 29.052
600 36 -8.902000000000001 28.624000000000002
600 20 -11.145 35.866
600 23 -16.229 7.2589999999999995
600 47 -10.425999999999998 22.375
600 39 5.136 37.663000000000004
600 8 3.92 35.301
612 23 -16.366 6.814
612 8 3.4410000000000003 35.797
612 36 -9.176 28.195999999999998
612 39 5.581 37.15
612 20 -11.675999999999998 35.592
612 47 -10.562999999999999 21.81
624 20 -12.222999999999999 35.352
624 47 -10.7 21.228
624 39 5.992000000000001 36.722
624 36 -9.382 27.614
624 9 2.9619999999999997 36.294000000000004
624 23 -16.503 6.54
636 39 6.454 36.157
636 23 -16.623 6.095
636 47 -10.837 20.8
636 36 -9.638 27.186
636 20 -12.634 34.941
636 9 2.431 36.722
648 39 6.865 35.729
648 9 1.883 37.013000000000005
648 36 -9.844 26.758000000000003
648 20 -13.062000000000001 34.496
648 23 -16.76 5.821000000000001
648 47 -10.974 20.235
660 36 -10.118 26.193
660 9 1.335 37.441
660 40 7.276 35.301
660 23 -16.897000000000002 5.53
660 47 -11.110999999999999 19.807000000000002
660 20 -13.507 34.222
672 9 0.6679999999999999 37.441
672 40 7.687 34.856
672 47 -11.248 19.225
672 36 -10.323 25.748
672 20 -13.987 33.777
672 23 -17.034000000000002 5.102
684 23 -17.171 4.965
684 9 0.051 37.441
684 36 -10.392000000000001 25.183000000000003
684 40 8.08 34.428000000000004
684 47 -11.299000000000001 18.934
684 20 -14.466 33.64
696 9 -0.565 37.441
696 40 8.491 34.0
696 47 -11.436 18.506
696 36 -10.46 24.601
696 23 -17.308 4.657
696 20 -14.997 33.503
708 40 8.834 33.571999999999996
708 36 -10.597000000000001 24.035999999999998
708 47 -11.573 18.215
708 20 -15.545 33.366
708 9 -1.1640000000000001 37.441
708 23 -17.445 4.383
720 48 -11.640999999999998 17.787
720 36 -10.665999999999999 23.454
720 9 -1.712 37.304
720 40 9.245 33.281
732 40 9.587 32.853
732 48 -11.777999999999999 17.512999999999998
732 9 -2.26 37.304
732 36 -10.802 22.889
744 48 -11.847000000000001 17.067999999999998
744 40 9.912 32.425
744 9 -2.79 37.167
744 36 -10.870999999999999 22.307
756 40 10.255 31.997
756 48 -11.984000000000002 16.794
756 9 -3.338 37.013000000000005
756 36 -11.008 21.588
768 48 -12.120999999999999 16.349
768 40 10.597000000000001 31.569000000000003
768 36 -11.075999999999999 21.023000000000003
768 9 -3.7489999999999997 36.876
780 40 10.870999999999999 30.986
780 48 -12.189 16.075
780 9 -4.229 36.722
780 36 -11.213 20.304000000000002
792 36 -11.333 19.722
792 9 -4.691 36.585
792 40 11.145 30.421999999999997
792 48 -12.258 15.647
792 34 -0.924 8.68
804 36 -11.539000000000001 19.448
804 9 -5.307 36.722
804 40 11.47 29.994
804 48 -12.258 15.219000000000001
804 34 -1.609 8.68
816 34 -2.157 8.834
816 48 -12.258 14.927999999999999
816 37 -11.812999999999999 19.003
816 9 -5.922999999999999 36.876
816 40 11.744000000000002 29.410999999999998
828 37 -12.017999999999999 18.729
828 9 -6.523 37.013000000000005
828 40 12.017999999999999 28.829
828 34 -2.688 8.834
828 48 -12.222999999999999 14.5
840 9 -7.07 37.167
840 37 -12.292 18.438
840 40 12.429 28.401
840 48 -12.189 14.055
840 34 -3.236 8.971
852 48 -12.189 13.627
852 9 -7.617999999999999 37.013000000000005
852 34 -3.783 8.971
852 37 -12.497 18.01
852 40 12.908 28.128
864 48 -12.155 13.199000000000002
864 10 -8.08 36.876
864 34 -4.588 8.971
864 37 -12.565999999999999 17.428
864 40 13.37 27.836
876 34 -5.547000000000001 8.834
876 40 13.85 27.545
876 10 -8.56 36.722
876 48 -12.155 12.908
876 37 -12.634 16.863
888 10 -9.039 36.722
888 37 -12.770999999999999 16.435
888 40 14.363 27.408
888 48 -12.155 12.48
888 34 -6.42 8.748
900 34 -7.172999999999999 8.611
900 37 -12.84 15.853
900 10 -9.587 36.585
900 48 -12.085999999999999 12.206
900 41 14.774000000000001 27.116999999999997
912 10 -10.186 36.294000000000004
912 34 -7.824 8.32
912 41 15.168 26.826
912 48 -12.017999999999999 11.761
912 37 -12.977 15.288
924 37 -13.045 14.706
924 34 -8.423 8.183
924 41 15.613 26.689
924 48 -11.880999999999998 11.487
924 10 -10.734000000000002 36.157
936 41 16.058 26.398000000000003
936 10 -11.282 36.003
936 34 -9.005 7.892
936 37 -13.232999999999999 14.140999999999998
936 48 -11.812999999999999 11.042
948 41 16.503 26.261
948 34 -9.81 7.4639999999999995
948 37 -13.37 13.559000000000001
948 10 -11.812999999999999 35.866
948 48 -11.744000000000002 10.767999999999999
960 37 -13.575999999999999 12.994000000000002
960 41 16.897000000000002 25.901999999999997
960 34 -10.562999999999999 6.899
960 10 -12.36 35.729
960 49 -11.675999999999998 10.477
972 34 -11.385 6.454
972 49 -11.607000000000001 10.049
972 10 -12.908 35.575
972 37 -13.780999999999999 12.412
972 41 17.308 25.388
984 49 -11.539000000000001 9.758
984 37 -13.918 11.847000000000001
984 10 -13.37 35.575
984 34 -12.292 6.18
984 41 17.719 24.96
996 15 -15.475999999999999 15.699000000000002
996 37 -14.124 11.265
996 10 -13.918 35.438
996 49 -11.47 9.33
996 34 -13.165 5.735
996 41 18.13 24.531999999999996
1008 41 18.455 24.035999999999998
1008 49 -11.402000000000001 8.902000000000001
1008 34 -13.815999999999999 5.307
1008 15 -15.887 15.699000000000002
1008 10 -14.466 35.301
1008 37 -14.295 10.751
1020 34 -14.535 4.879
1020 15 -16.092 15.87
1020 37 -14.466 10.409
1020 10 -14.997 35.078
1020 41 18.762999999999998 23.608
1020 49 -11.333 8.543
1032 37 -14.671 9.964
1032 41 19.14 23.230999999999998
1032 10 -15.545 34.941
1032 15 -16.298 15.937999999999999
1032 49 -11.282 8.183
1044 49 -11.213 7.824
1044 13 -8.731 41.601000000000006
1044 15 -16.486 16.007
1044 42 -9.724 42.251000000000005
1044 10 -16.092 34.719
1044 41 19.448 22.82
1044 37 -14.877 9.621
1056 10 -16.623 34.564
1056 15 -16.692 16.075
1056 42 -9.912 41.806000000000004
1056 41 19.79 22.444000000000003
1056 49 -11.145 7.4639999999999995
1056 13 -8.936 41.173
1068 15 -16.692 16.075
1068 13 -9.073 40.745
1068 41 20.081 22.033
1068 49 -11.075999999999999 7.172999999999999
1068 42 -10.118 41.395
1068 10 -17.171 34.291
1080 13 -9.21 40.317
1080 49 -11.042 6.831
1080 15 -16.692 16.075
1080 41 20.458 21.656
1080 42 -10.323 40.95
1080 10 -17.719 34.154
1092 42 -10.494000000000002 40.676
1092 13 -9.416 39.751999999999995
1092 15 -16.692 16.075
1092 41 20.766 21.245
1092 49 -10.974 6.454
1092 10 -18.198 33.931
1104 41 21.177 20.869
1104 15 -16.692 16.075
1104 42 -10.7 40.231
1104 11 -18.609 33.64
1104 13 -9.552999999999999 39.306999999999995
1104 49 -10.905 6.112
1116 41 21.588 20.732
1116 15 -16.692 16.075
1116 42 -10.974 39.957
1116 11 -19.003 33.366
1116 13 -9.81 38.879
1116 49 -10.837 5.735
1128 13 -10.152000000000001 38.588
1128 49 -10.767999999999999 5.393
1128 11 -19.414 33.058
1128 42 -11.23 39.683
1128 15 -16.692 16.075
1128 41 22.186999999999998 20.732
1140 42 -11.504000000000001 39.375
1140 13 -10.562999999999999 38.314
1140 15 -16.623 16.075
1140 11 -19.807000000000002 32.921
1140 49 -10.7 5.102
1152 42 -11.777999999999999 39.238
1152 15 -16.623 16.075
1152 13 -10.905 38.006
1152 11 -20.287 32.647
1152 49 -10.630999999999998 4.6739999999999995
1164 42 -12.120999999999999 38.964
1164 11 -21.04 32.51
1164 15 -16.623 16.075
1164 49 -10.562999999999999 4.383
1164 13 -11.23 37.732
1176 49 -10.529000000000002 3.955
1176 11 -22.066999999999997 32.339
1176 13 -11.640999999999998 37.458
1176 15 -16.623 16.075
1176 42 -12.395 38.656
1188 49 -10.46 3.6639999999999997
1188 13 -11.915 37.15
1188 11 -22.392 32.065
1188 42 -12.737 38.519
1188 15 -16.623 15.937999999999999
1200 42 -13.079 38.245
1200 50 -10.392000000000001 3.236
1200 13 -12.258 36.876
1200 11 -22.803 31.636999999999997
1200 15 -16.623 15.937999999999999
1212 42 -13.405 38.074
1212 13 -12.532 36.585
1212 50 -10.392000000000001 2.79
1212 11 -23.131999999999998 31.342
1212 15 -16.555 15.937999999999999
1224 11 -23.146 31.326
1224 50 -10.323 2.38
1224 42 -13.747 37.937
1224 15 -16.555 15.937999999999999
1224 13 -12.805 36.294000000000004
1236 42 -14.089 37.663000000000004
1236 16 -16.555 15.937999999999999
1236 13 -13.148 36.02
1236 11 -23.16 31.309
1236 50 -10.255 1.935
1248 13 -13.405 35.711
1248 11 -23.174 31.293000000000003
1248 50 -10.255 1.524
1248 16 -16.555 15.937999999999999
1248 42 -14.432 37.525999999999996
1260 16 -16.555 15.937999999999999
1260 50 -10.186 1.079
1260 13 -13.679 35.506
1260 42 -14.689 37.389
1260 11 -23.188000000000002 31.276999999999997
1272 16 -16.555 15.937999999999999
1272 11 -23.201999999999998 31.26
1272 50 -10.118 0.805
1272 42 -15.030999999999999 36.944
1272 13 -14.020999999999999 35.078
1284 16 -16.486 15.937999999999999
1284 11 -23.215999999999998 31.244
1284 50 -10.118 0.36
1284 43 -15.305 36.67
1284 14 -14.363 34.787
1296 16 -16.486 15.937999999999999
1296 43 -15.579 36.361999999999995
1296 14 -14.637 34.513000000000005
1296 50 -10.049 -0.068
1296 11 -23.23 31.228
1308 14 -14.963 34.205
1308 50 -9.981 -0.496
1308 43 -15.853 36.088
1308 11 -23.244 31.212
1308 16 -16.486 15.784
1320 14 -15.305 33.931
1320 50 -9.981 -0.924
1320 43 -16.127 35.643
1320 11 -23.258000000000003 31.195
1320 16 -16.486 15.784
1332 43 -16.401 35.369
1332 14 -15.579 33.657
1332 11 -23.272 31.179000000000002
1332 50 -9.912 -1.3519999999999999
1332 16 -16.486 15.784
1344 16 -16.486 15.784
1344 14 -15.99 33.486
1344 43 -16.794 35.232
1344 50 -9.844 -1.798
1344 12 -23.285999999999998 31.163
1356 14 -16.332 33.211999999999996
1356 50 -9.844 -2.208
1356 12 -23.3 31.147
1356 43 -17.137 35.078
1356 16 -16.435 15.784
1368 12 -23.314 31.13
1368 50 -9.775 -2.517
1368 43 -17.548 34.924
1368 16 -16.435 15.784
1368 14 -16.726 32.938
1380 12 -23.329 31.114
1380 43 -17.89 34.787
1380 14 -17.067999999999998 32.63
1380 50 -9.775 -2.927
1380 16 -16.435 15.784
1392 12 -23.343000000000004 31.098000000000003
1392 43 -18.284000000000002 34.513000000000005
1392 50 -9.775 -3.373
1392 14 -17.479 32.493
1392 16 -16.435 15.784
1404 50 -9.707 -3.801
1404 14 -17.822 32.219
1404 12 -23.357 31.081
1404 43 -18.625999999999998 34.376
1404 16 -16.435 15.784
1416 12 -23.371 31.065
1416 43 -19.037 33.931
1416 14 -18.164 32.082
1416 50 -9.707 -4.092
1416 16 -16.435 15.784
1428 14 -18.489 31.774
1428 50 -9.707 -4.502
1428 16 -16.298 15.493
1428 12 -23.385 31.049
1428 43 -19.448 33.657
1440 14 -18.832 31.636999999999997
1440 12 -23.399 31.033
1440 43 -19.79 33.349000000000004
1440 16 -16.160999999999998 15.356
1440 51 -9.638 -4.948
1452 43 -20.184 33.075
1452 51 -9.638 -5.376
1452 14 -19.311 31.363000000000003
1452 12 -23.413 31.016
1452 16 -16.058 15.082
1464 12 -23.427 31.0
1464 16 -15.921 14.774000000000001
1464 43 -20.526 32.938
1464 51 -9.638 -5.667000000000001
1464 14 -19.722 31.191999999999997
1476 43 -20.869 32.766999999999996
1476 51 -9.57 -6.095
1476 12 -23.441 30.984
1476 14 -20.133 30.918000000000003
1476 17 -15.784 14.5
1488 43 -21.28 32.63
1488 51 -9.57 -6.523
1488 14 -20.526 30.781
1488 12 -23.455 30.968000000000004
1488 17 -15.647 14.192
1500 51 -9.501 -6.796
1500 17 -15.51 14.055
1500 14 -20.936999999999998 30.644000000000002
1500 43 -21.554000000000002 32.493
1500 12 -23.469 30.951
1512 17 -15.51 13.335999999999999
1512 51 -9.536 -7.242000000000001
1512 12 -23.483 30.935
1512 14 -21.348000000000003 31.123
1512 43 -21.879 32.219
1524 12 -23.497 30.919
1524 51 -9.536 -7.601
1524 17 -15.442 12.703
1536 12 -23.511 30.903000000000002
1536 51 -9.536 -7.961
1536 17 -15.373 12.052
1548 12 -23.525 30.886
1548 51 -9.536 -8.389
1548 17 -15.373 11.333
1560 17 -15.305 10.767999999999999
1560 12 -23.539 30.87
1560 51 -9.57 -8.748
1572 12 -23.553 30.854
1572 51 -9.536 -9.107999999999999
1572 17 -15.235999999999999 10.118
1584 51 -9.536 -9.45
1584 17 -15.168 9.484
1596 51 -9.536 -9.895
1596 17 -15.339 8.902000000000001
1608 51 -9.57 -10.255
1608 17 -15.75 8.32
1620 17 -16.160999999999998 7.7379999999999995
1620 51 -9.57 -10.614
1632 17 -16.503 7.19
1632 51 -9.57 -11.042
1644 17 -16.914 6.608
1644 51 -9.552999999999999 -11.402000000000001
1656 51 -9.587 -11.761
1656 17 -17.308 6.026
1668 51 -9.587 -12.104000000000001
1668 17 -17.582 5.598
1680 17 -17.924 5.17
1692 17 -18.180999999999997 4.725
1704 17 -18.455 4.314
