696 31 -31.733 27.662
696 12 -19.546 23.179000000000002
696 19 16.277 16.799
696 27 -7.9 24.041
696 21 17.912 4.6080000000000005
696 17 -24.268 19.796
708 31 -31.730999999999998 27.654
708 12 -19.137999999999998 22.701999999999998
708 19 15.687000000000001 16.618
708 21 17.912 4.6080000000000005
708 17 -24.45 19.796
708 27 -8.49 24.041
720 27 -9.081 24.041
720 19 15.097000000000001 16.618
720 12 -18.729 22.339000000000002
720 21 17.912 4.6080000000000005
720 31 -31.729 27.646
720 17 -24.677 19.796
732 12 -18.275 21.885
732 31 -31.726 27.638
732 27 -9.58 24.404
732 17 -24.858 19.796
732 21 17.912 4.6080000000000005
732 19 14.505999999999998 16.413
744 22 17.912 4.6080000000000005
744 27 -10.17 24.586
744 12 -17.820999999999998 21.385
744 31 -31.724 27.629
744 19 13.825 16.413
756 19 13.235 16.413
756 27 -10.761 24.768
756 12 -17.412 20.930999999999997
756 31 -31.721 27.621
756 22 17.912 4.6080000000000005
768 12 -17.004 20.568
768 22 17.912 4.6080000000000005
768 31 -31.719 27.613000000000003
768 19 12.735999999999999 16.799
768 27 -11.350999999999999 24.949
780 12 -16.64 20.159000000000002
780 27 -11.940999999999999 24.949
780 22 17.912 4.6080000000000005
780 31 -31.717 27.605
780 19 12.145 17.004
792 22 17.912 4.6080000000000005
792 27 -12.530999999999999 24.768
792 19 11.555 17.185
792 31 -31.714000000000002 27.596999999999998
792 12 -16.096 19.705
804 22 17.912 4.6080000000000005
804 12 -15.595999999999998 19.342
804 31 -31.712 27.589000000000002
804 19 10.965 17.185
804 27 -13.122 24.586
816 12 -15.097000000000001 18.979
816 22 17.912 4.6080000000000005
816 28 -13.712 24.586
816 31 -31.709 27.58
828 12 -14.597000000000001 18.57
828 22 17.912 4.6080000000000005
828 28 -14.302 24.768
828 31 -31.706999999999997 27.572
840 28 -14.892000000000001 24.949
840 22 17.912 4.6080000000000005
840 12 -14.097999999999999 18.207
840 31 -31.704 27.564
852 12 -13.597999999999999 17.844
852 22 17.912 4.6080000000000005
852 31 -31.701999999999998 27.555999999999997
852 28 -15.482999999999999 25.131
864 12 -13.099 17.48
864 22 17.912 4.6080000000000005
864 28 -16.073 25.335
864 33 -31.699 27.548000000000002
876 12 -12.599 17.072
876 22 17.912 4.6080000000000005
876 28 -16.572 25.539
876 33 -31.697 27.54
888 28 -17.004 25.539
888 22 17.912 4.6080000000000005
888 12 -12.145 16.708
888 33 -31.694000000000003 27.531
900 12 -11.645999999999999 16.164
900 33 -31.691999999999997 27.523000000000003
900 5 -30.261 31.781999999999996
900 22 17.912 4.6080000000000005
900 28 -17.412 25.539
912 33 -31.689 27.515
912 5 -30.171 30.693
912 28 -17.844 25.539
912 12 -11.237 15.755
912 22 17.912 4.6080000000000005
924 28 -18.434 25.721
924 13 -10.829 15.392000000000001
924 5 -29.853 30.284000000000002
924 33 -31.686999999999998 27.506999999999998
924 22 17.912 4.6080000000000005
936 13 -10.466 15.029000000000002
936 33 -31.685 27.499000000000002
936 22 17.912 4.6080000000000005
936 5 -29.58 30.103
936 28 -19.024 25.721
948 5 -29.263 29.921
948 22 17.912 4.6080000000000005
948 28 -19.614 25.721
948 13 -10.057 14.460999999999999
948 33 -31.682 27.49
960 28 -20.363 25.903000000000002
960 5 -28.604 29.558000000000003
960 13 -9.648 14.075
960 22 17.912 4.6080000000000005
960 33 -31.68 27.482
972 22 17.912 4.6080000000000005
972 5 -27.855 29.375999999999998
972 28 -21.022 26.084
972 33 -31.677 27.474
972 13 -9.285 13.712
984 33 -31.675 27.465999999999998
984 28 -21.703000000000003 26.266
984 13 -8.967 13.167
984 5 -26.991999999999997 29.194000000000003
996 33 -31.673000000000002 27.458000000000002
996 28 -22.201999999999998 26.266
996 5 -26.266 28.785999999999998
996 13 -8.695 12.577
1008 13 -8.513 11.85
1008 5 -25.676 28.423000000000002
1008 28 -22.793000000000003 26.175
1008 33 -31.67 27.45
1020 28 -23.428 26.084
1020 5 -25.085 28.059
1020 33 -31.668000000000003 27.441999999999997
1020 13 -8.377 11.26
1032 33 -31.665 27.434
1032 28 -24.018 26.175
1032 13 -8.241 10.624
1032 5 -24.404 27.878
1044 33 -31.663 27.426
1044 13 -8.127 9.943
1044 5 -23.723000000000003 27.695999999999998
1044 28 -24.609 26.084
1056 5 -23.133000000000003 27.378
1056 13 -7.968 9.399
1056 33 -31.66 27.416999999999998
1068 13 -7.877999999999999 8.649
1068 33 -31.658 27.409000000000002
1068 5 -22.451999999999998 27.105999999999998
1080 5 -21.794 26.833000000000002
1080 33 -31.655 27.401
1080 13 -7.7410000000000005 8.082
1092 13 -7.582000000000001 7.446000000000001
1092 33 -31.653000000000002 27.393
1092 5 -21.203000000000003 26.651999999999997
1104 5 -20.454 26.47
1104 13 -7.492000000000001 6.765
1104 34 -31.65 27.385
1116 5 -19.682000000000002 26.198
1116 13 -7.355 6.129
1116 34 -31.648000000000003 27.377
1128 34 -31.645 27.368000000000002
1128 5 -18.933 25.971
1128 13 -7.196000000000001 5.539
1140 13 -7.082999999999999 4.904
1140 34 -31.643 27.36
1140 6 -18.184 25.698
1152 34 -31.641 27.351999999999997
1152 13 -6.992000000000001 4.223
1152 6 -17.320999999999998 25.517
1164 14 -6.811 3.678
1164 6 -16.663 25.335
1164 34 -31.638 27.344
1176 14 -6.6739999999999995 2.951
1176 6 -16.005 25.154
1176 34 -31.636 27.336
1188 14 -6.606 2.3609999999999998
1188 6 -15.324000000000002 24.971999999999998
1188 34 -31.633000000000003 27.326999999999998
1200 14 -6.447 1.8159999999999998
1200 34 -31.631 27.319000000000003
1200 6 -14.642999999999999 24.971999999999998
1212 34 -31.629 27.311
1212 14 -6.311 1.044
1212 6 -13.962 24.79
1224 34 -31.625999999999998 27.303
1224 14 -6.175 0.499
1224 6 -13.280999999999999 24.586
1236 34 -31.624000000000002 27.295
1236 14 -6.061 -0.272
1236 6 -12.622 24.381999999999998
1248 34 -31.621 27.287
1248 6 -11.873 24.381999999999998
1248 14 -5.9479999999999995 -0.8170000000000001
1260 14 -5.812 -1.476
1260 6 -11.100999999999999 24.2
1260 34 -31.619 27.278000000000002
1272 6 -10.42 24.2
1272 34 -31.616 27.27
1272 14 -5.63 -2.134
1284 14 -5.562 -2.679
1284 34 -31.614 27.261999999999997
1284 6 -9.693999999999999 24.2
1296 30 -31.465 28.604
1296 14 -5.426 -3.36
1296 6 -8.922 24.018
1296 34 -31.611 27.254
1308 6 -8.15 24.018
1308 34 -31.609 27.246
1308 14 -5.267 -3.9960000000000004
1308 30 -30.784000000000002 28.99
1320 6 -7.492000000000001 23.837
1320 34 -31.605999999999998 27.238000000000003
1320 14 -5.176 -4.677
1320 30 -30.034000000000002 29.375999999999998
1332 14 -5.062 -5.221
1332 6 -6.832999999999999 23.655
1332 34 -31.604 27.229
1332 30 -29.535 29.921
1344 6 -6.061 23.474
1344 30 -29.104 30.488000000000003
1344 14 -4.881 -5.88
1356 6 -5.38 23.269000000000002
1356 14 -4.745 -6.537999999999999
1356 30 -28.695 31.238000000000003
1368 14 -4.677 -7.1739999999999995
1368 6 -4.699 23.088
1368 30 -28.513 31.419
1380 7 -4.041 23.088
1380 30 -28.513 31.419
1380 14 -4.518 -7.855
1392 30 -28.513 31.419
1392 7 -3.292 23.088
1392 14 -4.381 -8.4
1404 30 -28.513 31.419
1404 7 -2.611 23.088
1416 30 -28.513 31.419
1416 7 -1.839 23.088
1428 30 -28.513 31.419
1428 7 -1.112 23.088
1440 30 -28.513 31.419
1440 7 -0.431 23.088
1452 30 -28.513 31.419
1452 7 0.25 23.269000000000002
1464 30 -28.513 31.419
1464 7 0.9309999999999999 23.269000000000002
1476 7 1.589 23.269000000000002
1476 30 -28.513 31.419
1488 30 -28.513 31.419
1488 7 2.27 23.474
1500 32 -22.815 22.156999999999996
1500 7 2.77 23.474
1500 37 18.956 3.859
1500 30 -28.513 31.419
1512 7 3.2239999999999998 23.655
1512 30 -28.513 31.419
1512 37 18.910999999999998 3.7680000000000002
1512 32 -23.406 22.156999999999996
1524 30 -28.513 31.419
1524 37 18.910999999999998 3.7680000000000002
1524 32 -23.996 22.248
1524 7 3.7 23.928
1536 32 -24.631 22.156999999999996
1536 7 4.2 24.223000000000003
1536 37 18.910999999999998 3.678
1548 7 5.085 24.404
1548 32 -25.267 22.156999999999996
1548 37 18.910999999999998 3.678
1560 7 6.107 24.404
1560 32 -25.948 21.975
1560 37 18.910999999999998 3.678
1572 7 7.106 24.404
1572 32 -26.629 21.975
1572 37 18.910999999999998 3.5869999999999997
1584 7 7.946000000000001 24.404
1584 32 -27.219 21.771
1584 37 18.910999999999998 3.5869999999999997
1596 37 18.910999999999998 3.5869999999999997
1596 7 8.377 24.949
1596 32 -27.719 21.771
1608 37 18.910999999999998 3.4960000000000004
1608 32 -28.218000000000004 21.771
1608 7 8.786 24.404
1620 8 9.467 24.404
1620 32 -28.809 21.771
1620 37 18.910999999999998 3.4960000000000004
1632 8 9.966000000000001 23.655
1632 37 18.82 3.4960000000000004
1632 32 -29.49 21.975
1644 8 10.466 22.906
1644 37 18.82 3.4960000000000004
1644 32 -30.171 22.156999999999996
1656 8 11.147 22.52
1656 37 18.82 3.4960000000000004
1656 32 -30.715 21.771
1668 32 -31.079 21.022
1668 37 18.82 3.4960000000000004
1668 8 11.987 22.339000000000002
1680 37 18.82 3.4960000000000004
1680 8 12.825999999999999 22.134
1680 32 -31.465 20.273
1692 8 13.325999999999999 21.589000000000002
1692 37 18.774 3.4960000000000004
1692 32 -31.465 20.067999999999998
1704 32 -31.465 20.067999999999998
1704 8 13.825 21.203000000000003
1704 37 18.774 3.4960000000000004
1716 8 14.325 20.84
1716 37 18.774 3.4960000000000004
1716 32 -31.465 19.887
1728 8 14.847000000000001 20.84
1728 32 -31.465 19.887
1728 37 18.774 3.4960000000000004
1740 8 15.345999999999998 20.84
1740 38 18.774 3.4960000000000004
1752 8 15.845999999999998 20.84
1752 38 18.684 3.4960000000000004
1764 8 16.368 20.84
1764 38 18.684 3.4960000000000004
1776 8 16.958 20.636
1776 38 18.684 3.4960000000000004
1788 8 17.617 20.454
1788 38 18.684 3.4960000000000004
1800 8 18.366 20.273
1800 38 18.684 3.4960000000000004
1812 8 19.047 20.090999999999998
1812 38 18.593 3.4960000000000004
1824 38 18.593 3.4960000000000004
1824 8 19.887 19.909000000000002
1836 38 18.593 3.4960000000000004
1836 8 20.636 19.909000000000002
1848 38 18.593 3.4960000000000004
1848 8 21.066999999999997 19.524
1860 38 18.593 3.4960000000000004
1860 9 21.726 19.342
1872 38 18.502 3.4960000000000004
1872 9 21.724 19.245
1884 38 18.502 3.4960000000000004
1884 9 21.723000000000003 19.147000000000002
1896 38 18.410999999999998 3.4960000000000004
1896 9 21.721999999999998 19.05
1908 9 21.721 18.952
1908 38 18.410999999999998 3.4960000000000004
1920 9 21.719 18.855
1920 38 18.32 3.4960000000000004
1932 9 21.718000000000004 18.758
1932 38 18.32 3.4960000000000004
1944 9 21.717 18.66
1944 38 18.32 3.4960000000000004
1956 38 18.32 3.4960000000000004
1956 9 21.715999999999998 18.563
1968 9 21.715 18.465999999999998
1968 10 -21.316999999999997 20.545
1968 38 18.32 3.4960000000000004
1980 9 21.713 18.368
1980 10 -20.999000000000002 20.726999999999997
1992 9 21.712 18.271
1992 10 -20.067999999999998 21.68
2004 9 21.711 18.173
2004 10 -20.409000000000002 21.226
2016 10 -20.046 21.022
2016 9 21.71 18.076
2028 10 -19.637 20.749000000000002
2028 9 21.708000000000002 17.977999999999998
2040 9 21.706999999999997 17.881
2040 10 -19.319000000000003 20.659000000000002
2052 9 21.706 17.784000000000002
2052 10 -19.115 20.159000000000002
2064 9 21.705 17.686
2064 10 -19.297 21.316999999999997
2076 9 21.703000000000003 17.589000000000002
2076 10 -18.479 20.090999999999998
2088 9 21.362 17.548
2088 10 -17.98 19.614
2100 10 -17.753 19.614
2112 10 -17.503 19.069000000000003
2124 10 -17.39 19.250999999999998
2136 10 -17.117 18.684
2148 10 -16.958 17.753
2160 10 -16.754 17.276
2172 10 -16.527 18.002
2184 10 -16.368 17.548
2196 10 -16.164 15.959000000000001
