336 26 -0.045 8.519
336 61 -19.726 7.954
336 20 -20.042 9.264
336 16 -20.991 7.8629999999999995
336 93 -29.803 4.744
336 71 -25.125999999999998 8.406
336 18 -21.489 9.083
336 22 -23.929000000000002 8.519
336 6 2.0340000000000003 25.488000000000003
336 12 21.691999999999997 22.053
336 4 2.214 16.337
336 10 21.94 23.635
336 14 15.772 15.23
348 12 21.691999999999997 22.053
348 26 -0.633 8.699
348 93 -29.813000000000002 4.729
348 10 21.94 23.635
348 18 -21.489 9.083
348 20 -20.042 9.264
348 61 -19.726 7.954
348 14 15.772 15.23
348 6 2.6210000000000004 25.488000000000003
348 16 -20.991 7.8629999999999995
348 71 -25.125999999999998 8.406
348 22 -23.929000000000002 8.519
348 4 2.6210000000000004 16.156
360 20 -20.042 9.264
360 16 -20.991 7.8629999999999995
360 26 -1.22 9.083
360 10 21.94 23.635
360 93 -29.823 4.7139999999999995
360 18 -21.489 9.083
360 6 3.2089999999999996 25.488000000000003
360 22 -23.929000000000002 8.519
360 14 15.772 15.23
360 12 21.691999999999997 22.053
360 71 -25.125999999999998 8.406
360 61 -19.726 7.954
360 4 3.05 15.975
372 20 -20.042 9.264
372 12 21.691999999999997 22.053
372 71 -25.125999999999998 8.406
372 26 -1.808 9.083
372 16 -20.991 7.8629999999999995
372 93 -29.833000000000002 4.699
372 6 3.7960000000000003 25.488000000000003
372 18 -21.489 9.083
372 4 3.48 15.975
372 22 -23.929000000000002 8.519
372 14 15.772 15.23
372 10 21.85 23.816
372 61 -19.726 7.954
384 22 -23.929000000000002 8.519
384 20 -20.042 9.264
384 93 -29.843000000000004 4.685
384 10 21.85 23.816
384 26 -2.305 9.083
384 71 -25.125999999999998 8.406
384 6 4.3839999999999995 25.488000000000003
384 18 -21.489 9.083
384 14 15.772 15.23
384 61 -19.726 7.954
384 4 4.067 15.794
384 16 -20.991 7.8629999999999995
384 12 21.691999999999997 22.053
396 26 -2.892 9.083
396 93 -29.854 4.67
396 22 -23.929000000000002 8.519
396 61 -19.726 7.954
396 4 4.881 15.614
396 6 4.971 25.488000000000003
396 71 -25.125999999999998 8.406
396 18 -21.489 9.083
396 91 1.6269999999999998 7.479
396 10 21.85 23.816
396 12 21.691999999999997 22.053
396 14 15.772 15.23
396 20 -20.042 9.264
396 16 -20.991 7.8629999999999995
408 61 -19.726 7.954
408 4 5.739 15.23
408 16 -20.991 7.8629999999999995
408 18 -21.489 9.083
408 26 -3.389 9.083
408 91 0.813 7.479
408 14 15.772 15.23
408 12 21.691999999999997 22.053
408 71 -25.125999999999998 8.406
408 10 21.85 23.816
408 6 5.559 25.488000000000003
408 93 -29.863000000000003 4.656000000000001
408 22 -23.929000000000002 8.519
408 20 -20.042 9.264
420 20 -20.042 9.264
420 91 0.40700000000000003 7.683
420 61 -19.726 7.954
420 71 -25.125999999999998 8.406
420 18 -21.489 9.083
420 6 6.146 25.488000000000003
420 22 -23.929000000000002 8.519
420 4 6.553 15.049000000000001
420 26 -3.886 9.083
420 16 -20.991 7.8629999999999995
420 10 21.85 23.816
420 14 15.772 15.23
420 12 21.691999999999997 22.053
420 93 -29.874000000000002 4.641
432 4 7.321000000000001 14.484000000000002
432 93 -29.884 4.626
432 10 21.85 23.816
432 61 -19.726 7.954
432 14 15.772 15.23
432 16 -20.991 7.8629999999999995
432 91 0.0 7.8629999999999995
432 18 -21.489 9.083
432 6 6.734 25.488000000000003
432 12 21.691999999999997 22.053
432 20 -20.042 9.264
432 22 -23.929000000000002 8.519
432 26 -4.406000000000001 9.083
432 71 -25.125999999999998 8.406
444 14 15.772 15.23
444 20 -20.042 9.264
444 10 21.85 23.816
444 26 -4.9030000000000005 9.264
444 18 -21.489 9.083
444 71 -25.125999999999998 8.406
444 93 -29.894000000000002 4.611000000000001
444 22 -23.929000000000002 8.519
444 61 -19.726 7.954
444 12 21.691999999999997 22.053
444 16 -20.991 7.8629999999999995
444 91 -0.452 7.954
444 4 8.157 13.942
444 6 7.231 25.488000000000003
456 93 -29.904 4.5969999999999995
456 71 -25.125999999999998 8.406
456 91 -0.8809999999999999 8.157
456 14 15.772 15.23
456 61 -19.726 7.954
456 12 21.691999999999997 22.053
456 16 -20.991 7.8629999999999995
456 20 -20.042 9.264
456 10 21.85 23.816
456 22 -23.929000000000002 8.519
456 6 7.999 25.669
456 18 -21.489 9.083
456 4 8.902999999999999 13.354000000000001
456 26 -5.4 9.445
468 6 8.812000000000001 25.85
468 12 21.691999999999997 22.053
468 16 -20.991 7.8629999999999995
468 4 9.761000000000001 12.812000000000001
468 91 -1.401 8.157
468 61 -19.726 7.954
468 10 21.85 23.816
468 20 -20.042 9.264
468 18 -21.489 9.083
468 71 -25.125999999999998 8.406
468 14 15.772 15.23
468 26 -5.92 9.626
468 22 -23.929000000000002 8.519
468 93 -29.914 4.582
480 27 -6.327000000000001 9.807
480 91 -1.9880000000000002 8.157
480 72 -25.125999999999998 8.406
480 62 -19.726 7.954
480 93 -29.924 4.5680000000000005
492 62 -19.726 7.954
492 27 -7.072 9.626
492 93 -29.934 4.553
492 91 -2.4859999999999998 7.954
492 72 -25.125999999999998 8.406
504 91 -2.983 7.976
504 27 -7.841 9.626
504 72 -25.125999999999998 8.315
504 95 14.642000000000001 25.035999999999998
504 62 -19.816 7.954
504 93 -29.944000000000003 4.538
516 91 -3.48 8.247
516 93 -29.955 4.524
516 62 -19.816 7.954
516 72 -25.125999999999998 8.315
516 95 14.235 25.035999999999998
516 27 -8.427999999999999 9.716000000000001
528 72 -25.125999999999998 8.315
528 27 -8.993 9.807
528 62 -19.816 7.954
528 91 -4.022 8.134
528 93 -29.965 4.5089999999999995
528 95 13.806 25.035999999999998
540 27 -9.513 9.897
540 62 -19.862000000000002 7.954
540 95 13.467 25.035999999999998
540 72 -25.125999999999998 8.315
540 93 -29.975 4.494
540 91 -4.61 8.134
552 27 -10.1 10.1
552 95 13.06 25.035999999999998
552 62 -19.862000000000002 7.954
552 72 -25.125999999999998 8.315
552 93 -29.985 4.479
552 91 -5.197 7.954
564 93 -29.995 4.465
564 91 -5.785 7.773
564 95 12.630999999999998 25.035999999999998
564 72 -25.125999999999998 8.315
564 27 -10.687999999999999 10.304
564 62 -19.862000000000002 7.954
576 95 12.224 25.035999999999998
576 72 -25.125999999999998 8.315
576 62 -19.884 7.954
576 94 -30.005 4.45
576 91 -6.372000000000001 7.773
576 27 -11.275 10.394
588 62 -19.884 7.954
588 95 11.795 25.035999999999998
588 91 -6.959 7.5920000000000005
588 27 -11.84 10.575
588 94 -30.015 4.436
588 72 -25.125999999999998 8.315
600 95 11.456 25.035999999999998
600 91 -7.547000000000001 7.5920000000000005
600 72 -25.081 8.315
600 27 -12.427999999999999 10.575
600 94 -30.026 4.421
600 62 -19.884 7.954
612 94 -30.035999999999998 4.406000000000001
612 91 -8.134 7.388999999999999
612 62 -19.929000000000002 7.954
612 27 -12.97 10.755999999999998
612 95 11.049000000000001 25.035999999999998
612 72 -25.081 8.225
624 91 -8.722000000000001 7.207999999999999
624 95 10.71 25.035999999999998
624 72 -25.081 8.225
624 62 -19.929000000000002 7.954
624 94 -30.046 4.391
624 27 -13.535 10.755999999999998
636 72 -25.081 8.225
636 62 -19.929000000000002 7.954
636 95 10.304 25.035999999999998
636 94 -30.055999999999997 4.377
636 27 -14.077 10.936
648 95 9.874 25.035999999999998
648 27 -14.597000000000001 10.936
648 62 -19.975 7.954
648 94 -30.066 4.362
648 72 -25.081 8.225
660 94 -30.076 4.3469999999999995
660 95 9.377 25.035999999999998
660 72 -25.081 8.225
660 62 -19.975 7.954
660 27 -15.139000000000001 10.936
672 62 -19.975 7.954
672 94 -30.086 4.333
672 72 -25.081 8.225
672 95 8.88 25.035999999999998
672 27 -15.727 11.117
684 94 -30.096999999999998 4.3180000000000005
684 72 -25.081 8.225
684 95 8.451 25.035999999999998
684 62 -20.02 7.954
684 30 -17.285999999999998 23.726
684 27 -16.269000000000002 11.117
696 30 -17.467 23.160999999999998
696 94 -30.107 4.303
696 95 8.112 25.035999999999998
696 72 -25.081 8.225
696 27 -16.811 11.207
696 62 -20.02 7.954
708 30 -17.534000000000002 22.415
708 62 -20.02 7.954
708 95 7.705 25.035999999999998
708 72 -25.035999999999998 8.134
708 94 -30.116999999999997 4.289
708 27 -17.331 11.298
720 30 -17.715 21.669
720 73 -25.035999999999998 8.134
720 28 -17.918 11.298
720 63 -20.065 7.954
720 94 -30.127 4.274
720 95 7.276 25.035999999999998
732 73 -25.035999999999998 8.134
732 28 -18.438 11.388
732 63 -20.065 7.954
732 95 6.846 25.046
732 30 -17.873 20.924
732 94 -30.136999999999997 4.2589999999999995
744 30 -17.964000000000002 20.381
744 28 -18.98 11.501
744 73 -25.035999999999998 8.134
744 94 -30.147 4.245
744 96 6.416 25.057
744 63 -20.065 7.954
756 96 5.986000000000001 25.066999999999997
756 30 -18.122 19.613
756 28 -19.545 11.501
756 73 -25.035999999999998 8.134
756 94 -30.156999999999996 4.23
756 63 -20.11 7.954
768 28 -20.088 11.614
768 94 -30.168000000000003 4.215
768 96 5.556 25.076999999999998
768 73 -25.035999999999998 8.134
768 30 -18.212 18.89
768 63 -20.11 7.954
780 73 -25.035999999999998 8.134
780 63 -20.11 7.954
780 96 5.126 25.088
780 28 -20.607 11.705
780 94 -30.178 4.2010000000000005
780 30 -18.393 18.122
792 86 -25.081 8.225
792 96 4.696000000000001 25.098000000000003
792 94 -30.188000000000002 4.186
792 73 -25.035999999999998 8.134
792 30 -18.551 17.58
792 63 -20.133 7.954
792 28 -21.15 11.795
804 94 -30.198 4.171
804 28 -21.737 11.795
804 30 -18.642 16.811
804 73 -25.014 8.044
804 96 4.266 25.108
804 63 -20.133 7.954
804 86 -25.081 8.609
816 63 -20.133 7.954
816 73 -25.014 8.044
816 86 -25.081 8.993
816 28 -22.256999999999998 11.885
816 96 3.8360000000000003 25.119
816 30 -18.8 16.269000000000002
828 28 -22.822 11.975999999999999
828 96 3.406 25.129
828 86 -25.171999999999997 9.355
828 30 -19.048 15.681
828 73 -25.014 8.044
828 63 -20.178 7.954
840 96 2.9760000000000004 25.14
840 73 -25.014 8.044
840 63 -20.178 7.954
840 30 -19.229 15.32
840 28 -23.364 11.975999999999999
840 86 -25.171999999999997 9.716000000000001
852 86 -25.081 10.1
852 96 2.546 25.15
852 73 -25.014 8.044
852 28 -23.929000000000002 12.157
852 30 -19.477999999999998 14.777999999999999
852 63 -20.178 7.954
864 30 -19.726 14.19
864 96 2.116 25.16
864 86 -24.833000000000002 10.845999999999998
864 73 -25.014 8.044
864 63 -20.223 7.954
864 28 -24.471 12.157
876 28 -24.991 12.157
876 30 -19.884 13.829
876 96 1.686 25.17
876 73 -25.014 8.044
876 86 -24.675 11.411
876 63 -20.223 7.954
888 96 1.256 25.180999999999997
888 30 -20.133 13.286
888 63 -20.223 7.954
888 86 -24.403000000000002 11.975999999999999
888 73 -25.014 8.044
888 28 -25.555999999999997 12.337
900 28 -26.098000000000003 12.337
900 63 -20.268 7.954
900 30 -20.314 12.902000000000001
900 73 -24.968000000000004 8.044
900 86 -24.245 12.517999999999999
900 96 0.8270000000000001 25.191
912 63 -20.268 7.954
912 96 0.396 25.201999999999998
912 86 -23.997 13.083
912 30 -20.561999999999998 12.337
912 73 -24.968000000000004 7.954
912 28 -26.64 12.427999999999999
924 86 -23.816 13.648
924 96 -0.033 25.212
924 63 -20.268 7.954
924 28 -27.228 12.517999999999999
924 73 -24.968000000000004 7.954
936 86 -23.566999999999997 14.394
936 73 -24.968000000000004 7.954
936 96 -0.49700000000000005 25.035999999999998
936 63 -20.314 7.954
936 28 -27.725 12.517999999999999
948 96 -1.0170000000000001 24.855
948 73 -24.968000000000004 7.954
948 63 -20.314 7.954
948 28 -28.267 12.517999999999999
948 86 -23.409000000000002 14.958
960 96 -1.4240000000000002 24.651999999999997
960 64 -20.314 7.954
960 86 -23.160999999999998 15.501
960 74 -24.968000000000004 7.954
972 86 -22.912 16.088
972 96 -1.921 24.471
972 74 -24.968000000000004 7.954
972 64 -20.359 7.954
984 86 -22.730999999999998 16.63
984 74 -24.968000000000004 7.954
984 64 -20.359 7.954
984 29 -31.092 16.088
996 74 -24.968000000000004 7.954
996 37 0.768 22.121
996 23 -19.567999999999998 7.388999999999999
996 55 -19.975 9.626
996 31 -23.861 8.134
996 42 -5.9879999999999995 14.19
996 29 -30.956 15.139000000000001
996 33 8.247 12.699000000000002
996 35 0.542 23.319000000000003
996 86 -22.483 17.195
996 64 -20.359 7.954
1008 35 -0.045 22.415
1008 23 -19.567999999999998 7.388999999999999
1008 64 -20.449 7.954
1008 33 8.564 11.592
1008 55 -19.975 9.626
1008 29 -30.662 14.505999999999998
1008 31 -23.861 8.134
1008 86 -22.234 17.941
1008 74 -24.968000000000004 7.954
1008 42 -5.694 14.19
1008 37 0.136 21.104
1020 74 -24.968000000000004 7.954
1020 42 -5.197 14.19
1020 23 -19.567999999999998 7.388999999999999
1020 86 -21.85 18.483
1020 31 -23.861 8.134
1020 29 -30.256 13.738
1020 64 -20.449 7.954
1020 35 -0.452 22.234
1020 55 -19.975 9.626
1020 33 9.151 11.411
1020 37 -0.271 21.104
1032 87 -21.579 19.160999999999998
1032 55 -19.975 9.626
1032 42 -4.7 14.19
1032 35 -0.904 22.234
1032 37 -0.633 21.014
1032 29 -29.939 13.083
1032 64 -20.494 7.954
1032 74 -24.968000000000004 7.954
1032 33 9.738999999999999 11.027000000000001
1032 31 -23.861 8.134
1032 23 -19.567999999999998 7.388999999999999
1044 64 -20.494 7.954
1044 74 -24.968000000000004 7.954
1044 29 -29.691 12.337
1044 55 -19.975 9.626
1044 35 -1.401 22.053
1044 31 -23.861 8.134
1044 42 -4.271 14.394
1044 82 21.104 21.285
1044 87 -21.217 19.794
1044 33 10.258 10.845999999999998
1044 37 -0.9259999999999999 21.014
1044 23 -19.567999999999998 7.388999999999999
1056 37 -0.9259999999999999 21.217
1056 33 10.845999999999998 10.484000000000002
1056 31 -23.861 8.134
1056 42 -3.773 14.597000000000001
1056 23 -19.567999999999998 7.388999999999999
1056 35 -1.7169999999999999 22.053
1056 39 -3.1630000000000003 26.121
1056 64 -20.494 7.954
1056 74 -24.968000000000004 7.954
1056 82 21.104 21.285
1056 87 -20.855999999999998 20.381
1056 29 -29.351999999999997 11.411
1056 55 -19.975 9.626
1068 31 -23.861 8.134
1068 37 -0.9259999999999999 21.579
1068 64 -20.517 7.954
1068 82 21.104 21.285
1068 55 -19.975 9.626
1068 74 -24.968000000000004 7.954
1068 35 -1.808 22.053
1068 23 -19.567999999999998 7.388999999999999
1068 39 -3.615 25.217
1068 29 -29.103 10.665
1068 42 -3.344 14.777999999999999
1068 87 -20.54 21.014
1068 33 11.411 10.280999999999999
1080 82 21.104 21.285
1080 64 -20.517 7.954
1080 39 -3.7060000000000004 25.217
1080 37 -0.9259999999999999 21.76
1080 42 -2.847 14.958
1080 31 -23.861 8.134
1080 35 -1.9880000000000002 22.053
1080 74 -24.968000000000004 7.954
1080 55 -19.975 9.626
1080 87 -20.223 21.579
1080 29 -28.855 9.92
1080 23 -19.567999999999998 7.388999999999999
1080 33 11.931 9.92
1092 33 12.269 9.92
1092 35 -2.056 22.234
1092 39 -3.773 25.217
1092 37 -0.9259999999999999 22.144000000000002
1092 31 -23.861 8.134
1092 42 -2.35 14.958
1092 23 -19.567999999999998 7.388999999999999
1092 55 -19.975 9.626
1092 29 -28.764 9.716000000000001
1092 87 -19.862000000000002 22.325
1092 74 -24.968000000000004 7.954
1092 82 21.104 21.285
1092 64 -20.561999999999998 7.954
1104 42 -1.7619999999999998 14.777999999999999
1104 39 -3.841 25.217
1104 55 -19.975 9.626
1104 87 -19.545 22.866999999999997
1104 82 21.104 21.285
1104 35 -2.124 22.234
1104 37 -1.0170000000000001 22.144000000000002
1104 23 -19.567999999999998 7.388999999999999
1104 74 -25.014 7.954
1104 31 -23.861 8.134
1104 33 12.585999999999999 9.92
1104 29 -28.605999999999998 9.355
1104 64 -20.561999999999998 7.954
1116 74 -25.014 7.954
1116 42 -1.265 14.777999999999999
1116 82 21.104 21.285
1116 55 -19.975 9.626
1116 23 -19.567999999999998 7.388999999999999
1116 31 -23.861 8.134
1116 29 -28.516 9.174
1116 64 -20.561999999999998 7.954
1116 39 -3.932 25.217
1116 37 -1.085 22.144000000000002
1116 35 -2.305 22.234
1116 33 12.925 9.92
1116 87 -19.297 23.545
1128 29 -28.335 8.609
1128 31 -23.861 8.134
1128 87 -19.048 24.29
1128 23 -19.567999999999998 7.388999999999999
1128 39 -4.022 25.217
1128 55 -19.975 9.626
1128 42 -0.768 14.777999999999999
1128 64 -20.607 7.8629999999999995
1128 35 -2.395 22.415
1128 74 -25.014 7.8629999999999995
1128 82 21.104 21.285
1128 33 13.173 9.716000000000001
1128 37 -1.175 22.053
1140 74 -25.014 7.8629999999999995
1140 33 13.444 9.355
1140 82 21.104 21.285
1140 42 -0.33899999999999997 14.958
1140 39 -4.112 25.217
1140 29 -28.221999999999998 8.044
1140 23 -19.567999999999998 7.388999999999999
1140 87 -18.89 25.217
1140 55 -19.975 9.626
1140 35 -2.4859999999999998 22.415
1140 37 -1.265 21.85
1140 64 -20.607 7.8629999999999995
1140 31 -23.861 8.134
1152 82 21.104 21.285
1152 39 -4.203 25.217
1152 35 -2.6210000000000004 22.415
1152 29 -28.087 7.502000000000001
1152 42 0.068 14.958
1152 64 -20.653000000000002 7.8629999999999995
1152 87 -18.732 25.963
1152 31 -23.861 8.134
1152 23 -19.567999999999998 7.388999999999999
1152 37 -1.3780000000000001 21.85
1152 55 -19.975 9.626
1152 33 13.603 9.174
1152 74 -25.014 7.8629999999999995
1164 87 -18.755 25.949
1164 29 -27.974 6.914
1164 39 -4.271 25.217
1164 55 -19.975 9.626
1164 74 -25.014 7.8629999999999995
1164 64 -20.653000000000002 7.8629999999999995
1164 33 13.850999999999999 8.993
1164 35 -2.7110000000000003 22.415
1164 42 0.49700000000000005 15.139000000000001
1164 23 -19.567999999999998 7.388999999999999
1164 82 21.104 21.285
1164 31 -23.861 8.134
1164 37 -1.514 21.76
1164 40 22.46 8.519
1176 40 21.76 8.519
1176 33 14.1 8.79
1176 35 -2.802 22.415
1176 74 -25.014 7.8629999999999995
1176 31 -23.861 8.134
1176 87 -18.781 25.934
1176 39 -4.361000000000001 25.217
1176 55 -19.975 9.626
1176 37 -1.604 21.579
1176 82 21.104 21.285
1176 23 -19.567999999999998 7.388999999999999
1176 42 0.9259999999999999 15.139000000000001
1176 29 -27.815 6.372000000000001
1176 64 -20.653000000000002 7.8629999999999995
1188 64 -20.698 7.8629999999999995
1188 82 21.104 21.285
1188 39 -4.428999999999999 25.217
1188 87 -18.805999999999997 25.918000000000003
1188 40 21.171999999999997 8.519
1188 29 -27.68 5.807
1188 37 -1.672 21.579
1188 33 14.258 8.427999999999999
1188 35 -2.892 22.415
1188 74 -25.014 7.8629999999999995
1188 55 -19.975 9.626
1188 31 -23.861 8.134
1188 23 -19.567999999999998 7.388999999999999
1188 42 1.4240000000000002 15.32
1200 65 -20.698 7.8629999999999995
1200 82 21.104 21.285
1200 37 -1.7619999999999998 21.489
1200 31 -23.861 8.134
1200 23 -19.567999999999998 7.388999999999999
1200 42 1.83 15.32
1200 75 -25.014 7.8629999999999995
1200 35 -3.073 22.325
1200 29 -27.499000000000002 5.422999999999999
1200 40 20.675 8.519
1200 87 -18.832 25.903000000000002
1200 55 -19.975 9.626
1200 33 14.258 7.8629999999999995
1200 39 -4.519 25.217
1212 35 -3.1630000000000003 22.325
1212 31 -23.861 8.134
1212 39 -4.519 25.217
1212 65 -20.743000000000002 7.8629999999999995
1212 33 14.302999999999999 7.117999999999999
1212 82 21.104 21.285
1212 75 -25.035999999999998 7.8629999999999995
1212 23 -19.567999999999998 7.388999999999999
1212 42 2.26 15.32
1212 29 -27.409000000000002 4.881
1212 40 20.088 8.519
1212 87 -18.857 25.888
1212 55 -19.975 9.626
1212 37 -1.8980000000000001 21.398000000000003
1224 75 -25.035999999999998 7.8629999999999995
1224 40 19.590999999999998 8.519
1224 65 -20.743000000000002 7.8629999999999995
1224 39 -4.61 25.217
1224 33 14.394 6.553
1224 55 -19.975 9.626
1224 31 -23.861 8.134
1224 35 -3.2089999999999996 22.234
1224 37 -1.966 21.285
1224 23 -19.567999999999998 7.388999999999999
1224 82 21.104 21.285
1224 42 2.7569999999999997 15.32
1224 87 -18.883 25.873
1236 65 -20.788 7.8629999999999995
1236 75 -25.035999999999998 7.8629999999999995
1236 24 -19.567999999999998 7.388999999999999
1236 32 -23.861 8.134
1236 34 14.394 5.626
1236 43 3.2539999999999996 15.32
1236 56 -19.975 9.626
1236 36 -3.299 22.144000000000002
1236 38 -2.056 21.195
1236 39 -4.7 25.217
1236 82 21.104 21.285
1236 87 -18.908 25.858
1236 40 19.003 8.519
1248 38 -2.147 21.104
1248 56 -19.975 9.626
1248 32 -23.861 8.134
1248 24 -19.567999999999998 7.388999999999999
1248 34 14.484000000000002 5.061
1248 36 -3.389 22.144000000000002
1248 65 -20.788 7.8629999999999995
1248 43 3.6830000000000003 15.139000000000001
1248 75 -25.035999999999998 7.8629999999999995
1248 39 -4.79 25.217
1248 40 18.416 8.519
1248 82 21.104 21.285
1248 87 -18.933 25.842
1260 82 21.104 21.285
1260 75 -25.035999999999998 7.773
1260 39 -5.197 25.398000000000003
1260 36 -3.57 22.144000000000002
1260 34 14.484000000000002 5.061
1260 87 -18.959 25.826999999999998
1260 38 -2.26 21.014
1260 56 -19.975 9.626
1260 32 -23.861 8.134
1260 40 17.918 8.338
1260 65 -20.788 7.773
1260 43 4.18 14.958
1260 24 -19.567999999999998 7.388999999999999
1272 24 -19.567999999999998 7.388999999999999
1272 32 -23.861 8.134
1272 34 14.484000000000002 5.061
1272 40 17.331 8.338
1272 88 -18.985 25.811999999999998
1272 75 -25.035999999999998 7.773
1272 39 -5.694 25.398000000000003
1272 43 4.61 14.777999999999999
1272 65 -20.811 7.773
1272 56 -19.975 9.626
1272 82 21.104 21.285
1272 36 -3.661 21.963
1272 38 -2.395 20.833000000000002
1284 40 16.743 8.338
1284 36 -3.7960000000000003 21.579
1284 39 -6.101 25.217
1284 88 -19.01 25.796999999999997
1284 83 21.104 21.285
1284 56 -19.975 9.626
1284 38 -2.802 20.065
1284 75 -25.035999999999998 7.773
1284 32 -23.861 8.134
1284 34 14.484000000000002 5.061
1284 65 -20.811 7.773
1284 43 5.016 14.777999999999999
1284 24 -19.567999999999998 7.388999999999999
1296 34 14.484000000000002 5.061
1296 38 -3.2310000000000003 19.523
1296 32 -23.861 8.134
1296 56 -19.975 9.626
1296 43 5.513 14.597000000000001
1296 88 -19.035999999999998 25.781999999999996
1296 36 -3.977 21.285
1296 40 16.156 8.134
1296 65 -20.855999999999998 7.773
1296 75 -25.035999999999998 7.773
1296 83 21.104 21.285
1296 24 -19.567999999999998 7.388999999999999
1308 38 -3.661 18.8
1308 34 14.484000000000002 5.061
1308 50 -9.716000000000001 26.346999999999998
1308 43 5.943 14.394
1308 56 -19.975 9.626
1308 32 -23.861 8.134
1308 65 -20.855999999999998 7.773
1308 75 -25.081 7.773
1308 83 21.104 21.285
1308 40 15.568 8.134
1308 88 -19.061 25.767
1308 36 -4.158 20.924
1308 24 -19.567999999999998 7.388999999999999
1320 40 14.936 7.954
1320 56 -19.975 9.626
1320 34 14.484000000000002 5.061
1320 83 21.104 21.285
1320 43 6.349 14.19
1320 75 -25.081 7.773
1320 36 -4.316 20.653000000000002
1320 38 -3.977 18.212
1320 65 -20.855999999999998 7.773
1320 32 -23.861 8.134
1320 88 -19.087 25.750999999999998
1320 50 -9.219 26.346999999999998
1320 24 -19.567999999999998 7.388999999999999
1332 36 -4.9030000000000005 20.561999999999998
1332 38 -4.655 18.212
1332 32 -23.861 8.134
1332 40 14.347999999999999 7.954
1332 56 -19.975 9.626
1332 65 -20.901 7.773
1332 34 14.484000000000002 5.061
1332 83 21.104 21.285
1332 75 -25.081 7.773
1332 88 -19.112000000000002 25.736
1332 43 6.869 14.009
1332 50 -8.722000000000001 26.346999999999998
1332 24 -19.567999999999998 7.388999999999999
1344 40 13.761 7.954
1344 83 21.104 21.285
1344 88 -19.137 25.721
1344 56 -19.975 9.626
1344 36 -5.422999999999999 20.561999999999998
1344 65 -20.901 7.773
1344 34 14.484000000000002 5.061
1344 50 -8.225 26.346999999999998
1344 75 -25.081 7.773
1344 43 7.185 13.829
1344 38 -5.242000000000001 18.393
1344 24 -19.567999999999998 7.388999999999999
1344 32 -23.861 8.134
1356 65 -20.945999999999998 7.773
1356 38 -5.92 18.393
1356 40 13.173 7.773
1356 43 7.524 13.467
1356 32 -23.861 8.134
1356 88 -19.163 25.706
1356 24 -19.567999999999998 7.388999999999999
1356 36 -5.92 20.653000000000002
1356 83 21.104 21.285
1356 50 -7.683 26.143
1356 34 14.484000000000002 5.061
1356 75 -25.081 7.773
1356 56 -19.975 9.626
1368 75 -25.081 7.773
1368 40 12.585999999999999 7.773
1368 32 -23.861 8.134
1368 38 -6.734 18.393
1368 56 -19.975 9.626
1368 88 -19.188 25.691
1368 34 14.484000000000002 5.061
1368 24 -19.567999999999998 7.388999999999999
1368 65 -20.945999999999998 7.773
1368 83 21.104 21.285
1368 36 -6.507999999999999 20.653000000000002
1368 50 -7.005 26.143
1368 43 7.8629999999999995 13.083
1380 56 -19.975 9.626
1380 88 -19.214000000000002 25.676
1380 50 -6.417000000000001 26.143
1380 43 8.202 12.902000000000001
1380 40 11.998 7.5920000000000005
1380 34 14.484000000000002 5.061
1380 65 -20.945999999999998 7.683
1380 83 21.104 21.285
1380 32 -23.861 8.134
1380 38 -7.5920000000000005 18.393
1380 75 -25.081 7.683
1380 36 -7.231 20.743000000000002
1380 24 -19.567999999999998 7.388999999999999
1392 56 -19.975 9.626
1392 32 -23.861 8.134
1392 40 11.411 7.5920000000000005
1392 36 -8.315 20.743000000000002
1392 50 -5.739 25.963
1392 24 -19.567999999999998 7.388999999999999
1392 83 21.104 21.285
1392 43 8.451 12.517999999999999
1392 75 -25.081 7.683
1392 79 -31.656999999999996 19.613
1392 38 -8.406 18.393
1392 65 -20.991 7.683
1392 34 14.484000000000002 5.061
1392 88 -19.239 25.660999999999998
1404 88 -19.265 25.645
1404 75 -25.125999999999998 7.683
1404 83 21.104 21.285
1404 24 -19.567999999999998 7.388999999999999
1404 65 -20.991 7.683
1404 32 -23.861 8.134
1404 50 -5.242000000000001 25.963
1404 56 -19.975 9.626
1404 34 14.484000000000002 5.061
1404 38 -9.264 18.393
1404 79 -31.136999999999997 19.613
1404 36 -9.445 20.924
1404 43 8.79 12.157
1404 41 10.845999999999998 7.5920000000000005
1416 41 10.078 7.5920000000000005
1416 38 -10.258 18.393
1416 65 -21.037 7.683
1416 83 21.104 21.285
1416 36 -10.439 20.924
1416 75 -25.125999999999998 7.683
1416 88 -19.29 25.63
1416 43 9.196 11.975999999999999
1416 79 -30.685 19.704
1416 50 -4.655 25.963
1416 34 14.484000000000002 5.061
1416 56 -19.975 9.626
1416 32 -23.861 8.134
1416 24 -19.567999999999998 7.388999999999999
1428 24 -19.567999999999998 7.388999999999999
1428 50 -4.158 25.963
1428 38 -11.185 17.851
1428 41 9.422 7.5920000000000005
1428 32 -23.861 8.134
1428 65 -21.037 7.683
1428 36 -11.433 20.561999999999998
1428 56 -19.975 9.626
1428 83 21.104 21.285
1428 34 14.484000000000002 5.061
1428 88 -19.316 25.615
1428 79 -30.188000000000002 19.704
1428 43 9.626 11.975999999999999
1428 75 -25.125999999999998 7.683
1440 50 -3.5810000000000004 25.969
1440 79 -29.6 19.884
1440 41 8.654 7.5920000000000005
1440 66 -21.037 7.683
1440 76 -25.125999999999998 7.683
1440 83 21.104 21.285
1440 38 -12.202 18.031
1440 88 -19.340999999999998 25.6
1440 34 14.484000000000002 5.061
1440 43 10.033 11.795
1440 24 -19.567999999999998 7.388999999999999
1440 56 -19.975 9.626
1440 32 -23.861 8.134
1440 36 -12.337 20.178
1452 38 -13.286 18.212
1452 79 -29.103 20.268
1452 43 10.462 11.795
1452 36 -13.377 19.794
1452 32 -23.861 8.134
1452 56 -19.975 9.626
1452 41 7.999 7.5920000000000005
1452 76 -25.125999999999998 7.683
1452 24 -19.567999999999998 7.388999999999999
1452 34 14.484000000000002 5.061
1452 83 21.104 21.285
1452 66 -21.081999999999997 7.683
1452 88 -19.367 25.585
1452 50 -3.0669999999999997 25.985
1464 38 -14.529000000000002 18.031
1464 34 14.484000000000002 5.061
1464 24 -19.567999999999998 7.388999999999999
1464 41 7.231 7.5920000000000005
1464 79 -28.516 20.472
1464 50 -2.552 26.0
1464 36 -14.597000000000001 19.794
1464 32 -23.861 8.134
1464 43 10.890999999999998 11.592
1464 56 -19.975 9.626
1464 76 -25.125999999999998 7.683
1464 83 21.104 21.285
1464 88 -19.392 25.569000000000003
1464 66 -21.081999999999997 7.683
1476 79 -27.928 20.653000000000002
1476 76 -25.125999999999998 7.683
1476 44 11.298 11.592
1476 41 6.575 7.5920000000000005
1476 57 -19.975 9.626
1476 66 -21.104 7.683
1476 88 -19.417 25.554000000000002
1476 83 21.104 21.285
1476 50 -2.0380000000000003 26.016
1488 41 5.807 7.5920000000000005
1488 66 -21.104 7.683
1488 83 21.104 21.285
1488 76 -25.125999999999998 7.683
1488 50 -1.5230000000000001 26.031999999999996
1488 79 -27.430999999999997 20.833000000000002
1488 88 -19.442999999999998 25.539
1488 57 -19.975 9.626
1488 44 11.727 11.411
1500 88 -19.469 25.524
1500 57 -19.975 9.626
1500 66 -21.104 7.683
1500 48 9.264 25.33
1500 83 21.104 21.285
1500 53 -30.64 23.522
1500 79 -26.934 21.014
1500 46 11.546 25.872
1500 44 12.134 11.411
1500 41 5.152 7.5920000000000005
1500 50 -1.008 26.048000000000002
1500 51 -0.294 24.29
1500 76 -25.125999999999998 7.683
1512 76 -25.125999999999998 7.683
1512 53 -30.64 23.522
1512 46 11.095 25.691
1512 66 -21.171999999999997 7.683
1512 51 -0.633 24.29
1512 57 -19.975 9.535
1512 48 8.902999999999999 25.104
1512 44 12.517999999999999 11.117
1512 89 -19.494 25.509
1512 79 -26.414 20.833000000000002
1512 50 -0.493 26.064
1512 83 21.104 21.285
1512 41 4.564 7.683
1524 48 8.677 25.104
1524 89 -19.52 25.494
1524 51 -0.972 24.471
1524 66 -21.171999999999997 7.683
1524 50 0.021 26.08
1524 84 21.104 21.285
1524 57 -19.975 9.535
1524 44 12.902000000000001 10.936
1524 76 -25.081 7.683
1524 53 -30.64 23.522
1524 41 4.022 7.954
1524 46 10.665 25.511
1524 79 -25.916999999999998 20.743000000000002
1536 44 13.309000000000001 10.755999999999998
1536 57 -19.975 9.535
1536 53 -30.616999999999997 23.522
1536 84 21.104 21.285
1536 50 0.536 26.095
1536 48 8.406 25.104
1536 51 -1.22 24.471
1536 46 10.213 25.42
1536 89 -19.545 25.479
1536 79 -25.375 20.743000000000002
1536 76 -24.991 7.683
1536 41 3.502 8.067
1536 66 -21.171999999999997 7.683
1548 44 13.67 10.575
1548 46 9.783999999999999 25.42
1548 79 -24.833000000000002 20.653000000000002
1548 89 -19.570999999999998 25.463
1548 51 -1.5590000000000002 24.651999999999997
1548 76 -24.945999999999998 7.8629999999999995
1548 57 -19.975 9.445
1548 41 2.915 8.247
1548 84 21.104 21.285
1548 66 -21.171999999999997 7.773
1548 53 -30.616999999999997 23.522
1548 48 7.999 24.923000000000002
1560 51 -1.808 24.651999999999997
1560 84 21.104 21.285
1560 41 2.35 8.247
1560 79 -24.29 20.653000000000002
1560 48 7.57 24.923000000000002
1560 76 -24.945999999999998 7.8629999999999995
1560 89 -19.596 25.448
1560 53 -30.616999999999997 23.522
1560 44 14.1 10.484000000000002
1560 57 -19.975 9.445
1560 66 -21.171999999999997 7.773
1560 46 9.377 25.42
1572 57 -19.975 9.445
1572 79 -23.793000000000003 20.561999999999998
1572 41 1.7169999999999999 8.247
1572 89 -19.621 25.433000000000003
1572 46 8.925 25.42
1572 44 14.529000000000002 10.1
1572 66 -21.171999999999997 7.773
1572 76 -24.855 7.8629999999999995
1572 53 -30.526999999999997 23.340999999999998
1572 84 21.15 21.285
1572 51 -2.147 24.855
1572 48 7.14 24.741999999999997
1584 46 8.451 25.42
1584 41 1.13 8.247
1584 76 -24.81 8.044
1584 66 -21.217 7.8629999999999995
1584 57 -19.975 9.445
1584 84 21.15 21.375999999999998
1584 79 -23.250999999999998 20.561999999999998
1584 51 -2.4859999999999998 24.855
1584 89 -19.647000000000002 25.418000000000003
1584 44 15.026 9.716000000000001
1584 53 -30.526999999999997 23.160999999999998
1584 48 6.734 24.741999999999997
1596 48 6.327000000000001 24.561999999999998
1596 66 -21.217 7.8629999999999995
1596 41 0.452 8.247
1596 51 -2.734 25.035999999999998
1596 89 -19.672 25.403000000000002
1596 53 -30.616999999999997 22.98
1596 76 -24.788 8.044
1596 84 21.15 21.375999999999998
1596 57 -19.975 9.355
1596 79 -22.686 20.472
1596 46 7.999 25.42
1596 44 15.433 9.535
1608 48 5.897 24.561999999999998
1608 66 -21.263 7.8629999999999995
1608 76 -24.72 8.044
1608 53 -30.616999999999997 22.98
1608 57 -19.975 9.355
1608 79 -22.189 20.472
1608 89 -19.929000000000002 25.398000000000003
1608 84 21.15 21.375999999999998
1608 51 -3.05 25.035999999999998
1608 46 7.434 25.506999999999998
1608 41 -0.136 8.247
1608 44 15.862 9.355
1620 44 16.269000000000002 9.174
1620 66 -21.263 7.954
1620 89 -20.359 25.511
1620 51 -3.57 25.035999999999998
1620 79 -21.647 20.359
1620 41 -0.7909999999999999 8.067
1620 48 4.881 24.381
1620 46 6.8020000000000005 25.622
1620 57 -19.975 9.355
1620 76 -24.72 8.225
1620 53 -30.616999999999997 22.98
1620 84 21.15 21.375999999999998
1632 66 -21.263 7.954
1632 44 16.608 8.79
1632 51 -4.158 25.035999999999998
1632 41 -1.469 8.067
1632 84 21.15 21.375999999999998
1632 80 -21.15 20.359
1632 46 6.17 25.737
1632 53 -30.616999999999997 22.98
1632 57 -19.975 9.445
1632 89 -20.675 25.691
1632 48 3.7960000000000003 24.381
1632 76 -24.675 8.225
1644 44 17.037 8.427999999999999
1644 53 -30.616999999999997 22.98
1644 76 -24.584 8.225
1644 46 5.537999999999999 25.853
1644 51 -4.655 25.035999999999998
1644 66 -21.263 7.954
1644 84 21.171999999999997 21.375999999999998
1644 57 -19.975 9.355
1644 48 2.6210000000000004 24.381
1644 80 -20.72 20.561999999999998
1644 89 -21.014 25.781999999999996
1656 89 -21.410999999999998 25.775
1656 76 -24.539 8.225
1656 48 1.966 24.2
1656 51 -5.242000000000001 25.035999999999998
1656 57 -19.975 9.355
1656 44 17.534000000000002 8.427999999999999
1656 66 -21.263 8.044
1656 80 -20.472 21.104
1656 53 -30.616999999999997 22.98
1656 46 4.906000000000001 25.968000000000004
1656 84 21.171999999999997 21.375999999999998
1668 89 -21.781 25.764
1668 80 -20.223 21.669
1668 84 21.171999999999997 21.489
1668 76 -24.494 8.427999999999999
1668 46 4.273 26.084
1668 53 -30.616999999999997 22.98
1668 48 1.808 24.2
1668 44 18.122 8.609
1668 66 -21.308000000000003 8.044
1668 51 -5.83 25.035999999999998
1668 57 -19.975 9.355
1680 77 -24.449 8.427999999999999
1680 57 -19.975 9.355
1680 84 21.171999999999997 21.489
1680 46 3.641 26.199
1680 44 18.709 8.993
1680 80 -19.975 22.234
1680 48 1.6269999999999998 24.2
1680 89 -22.151999999999997 25.752
1680 53 -30.616999999999997 22.98
1680 51 -6.327000000000001 24.855
1680 67 -21.308000000000003 8.044
1692 80 -19.477999999999998 22.709
1692 57 -19.975 9.264
1692 53 -30.616999999999997 22.98
1692 67 -21.308000000000003 8.044
1692 46 3.009 26.315
1692 84 21.171999999999997 21.489
1692 44 19.048 8.609
1692 77 -24.403000000000002 8.427999999999999
1692 51 -6.914 24.855
1692 89 -22.523000000000003 25.741
1692 48 1.446 24.2
1704 53 -30.616999999999997 22.98
1704 77 -24.336 8.609
1704 80 -18.89 23.250999999999998
1704 67 -21.353 8.134
1704 84 21.171999999999997 21.489
1704 44 19.455 8.427999999999999
1704 57 -19.975 9.264
1704 46 2.377 26.43
1704 51 -7.502000000000001 24.855
1704 48 1.311 24.2
1704 89 -22.893 25.73
1716 67 -21.353 8.134
1716 51 -7.999 24.855
1716 77 -24.336 8.609
1716 45 19.975 8.427999999999999
1716 58 -19.975 9.264
1716 80 -18.212 23.432
1716 48 1.0390000000000001 24.2
1716 53 -30.616999999999997 22.98
1716 89 -23.264 25.718000000000004
1716 46 1.744 26.546
1716 84 21.217 21.489
1728 53 -30.685 22.799
1728 51 -8.586 24.855
1728 84 21.217 21.489
1728 48 0.8590000000000001 24.2
1728 46 1.112 26.660999999999998
1728 77 -24.336 8.609
1728 58 -19.975 9.174
1728 45 20.472 8.427999999999999
1728 67 -21.353 8.134
1728 80 -17.625 23.432
1728 89 -23.634 25.706999999999997
1740 52 -9.083 24.855
1740 45 20.969 8.609
1740 54 -30.685 22.799
1740 47 0.48 26.776
1740 58 -19.975 9.174
1740 77 -24.336 8.609
1740 49 0.723 24.2
1740 67 -21.353 8.225
1740 80 -17.128 23.432
1740 89 -24.005 25.695
1740 84 21.217 21.489
1752 58 -19.975 9.264
1752 80 -16.63 23.432
1752 90 -24.375 25.684
1752 67 -21.398000000000003 8.225
1752 77 -24.336 8.609
1752 49 0.542 24.2
1752 52 -9.761000000000001 24.855
1752 84 21.217 21.579
1752 47 -0.152 26.892
1752 45 21.465999999999998 8.79
1752 54 -30.685 22.799
1764 45 22.234 8.79
1764 54 -30.685 22.799
1764 67 -21.398000000000003 8.225
1764 58 -19.975 9.264
1764 52 -10.439 24.855
1764 47 -0.785 27.006999999999998
1764 49 0.271 24.2
1764 80 -16.111 23.432
1764 90 -24.746 25.673000000000002
1764 85 21.217 21.579
1764 77 -24.336 8.609
1776 85 21.217 21.579
1776 54 -30.685 22.799
1776 45 22.730999999999998 8.79
1776 77 -24.336 8.609
1776 80 -15.614 23.432
1776 47 -1.4169999999999998 27.123
1776 52 -11.095 25.035999999999998
1776 49 0.136 24.2
1776 67 -21.398000000000003 8.338
1776 90 -25.116 25.662
1776 58 -19.975 9.174
1788 90 -25.487 25.65
1788 49 -0.384 24.019000000000002
1788 54 -30.685 22.799
1788 58 -19.975 9.174
1788 85 21.263 21.579
1788 52 -11.772 25.035999999999998
1788 45 22.98 8.79
1788 67 -21.398000000000003 8.338
1788 77 -24.336 8.609
1788 80 -15.026 23.250999999999998
1788 47 -2.049 27.238000000000003
1800 85 21.263 21.579
1800 52 -12.367 25.034000000000002
1800 90 -25.857 25.639
1800 58 -19.975 9.174
1800 49 -1.0390000000000001 24.019000000000002
1800 54 -30.685 22.799
1800 67 -21.398000000000003 8.338
1800 45 23.703000000000003 8.79
1800 80 -14.439 23.250999999999998
1800 77 -24.336 8.609
1800 47 -2.681 27.354
1812 67 -21.443 8.427999999999999
1812 85 21.263 21.579
1812 49 -1.808 23.839000000000002
1812 90 -26.228 25.628
1812 77 -24.336 8.609
1812 52 -12.456 25.013
1812 47 -3.141 27.183000000000003
1812 80 -13.850999999999999 23.07
1812 45 24.516 9.174
1812 54 -30.685 22.799
1812 58 -19.975 9.174
1824 47 -3.57 27.002
1824 77 -24.336 8.609
1824 45 24.403000000000002 9.174
1824 67 -21.443 8.427999999999999
1824 58 -19.975 9.061
1824 90 -26.598000000000003 25.616
1824 52 -12.544 24.991
1824 85 21.263 21.579
1824 80 -13.264000000000001 23.07
1824 54 -30.685 22.799
1824 49 -2.395 23.839000000000002
1836 49 -2.6439999999999997 23.839000000000002
1836 90 -26.969 25.605
1836 52 -12.633 24.97
1836 54 -30.685 22.799
1836 85 21.263 21.669
1836 58 -19.975 9.061
1836 47 -3.977 26.799
1836 77 -24.336 8.609
1836 67 -21.489 8.427999999999999
1836 80 -12.767000000000001 22.89
1836 45 24.651999999999997 9.174
1848 67 -21.489 8.519
1848 49 -2.983 23.839000000000002
1848 85 21.263 21.669
1848 45 25.239 9.264
1848 80 -12.269 22.89
1848 54 -30.685 22.799
1848 58 -19.975 9.061
1848 52 -12.720999999999998 24.948
1848 77 -24.336 8.609
1848 47 -4.406000000000001 26.799
1848 90 -27.092 25.601
1860 45 25.149 9.174
1860 67 -21.489 8.519
1860 58 -19.975 9.061
1860 77 -24.336 8.609
1860 52 -12.81 24.927
1860 90 -26.999000000000002 25.604
1860 49 -3.2310000000000003 23.839000000000002
1860 85 21.308000000000003 21.669
1860 47 -4.9030000000000005 26.618000000000002
1860 54 -30.685 22.799
1860 80 -11.772 22.709
1872 49 -3.57 23.839000000000002
1872 67 -21.489 8.519
1872 52 -12.899000000000001 24.906
1872 81 -11.275 22.709
1872 90 -26.991 25.612
1872 54 -30.775 22.618000000000002
1872 45 25.149 9.174
1872 47 -5.31 26.414
1872 58 -19.975 8.971
1872 85 21.308000000000003 21.669
1872 77 -24.336 8.609
1884 67 -21.489 8.519
1884 54 -30.775 22.618000000000002
1884 45 25.149 9.174
1884 77 -24.336 8.609
1884 52 -12.988 24.884
1884 81 -10.777999999999999 22.528000000000002
1884 85 21.308000000000003 21.669
1884 47 -5.739 26.234
1884 58 -19.975 9.061
1884 49 -3.932 23.726
1884 90 -26.983 25.62
1896 81 -10.258 22.528000000000002
1896 45 25.149 9.174
1896 58 -19.975 9.061
1896 49 -4.406000000000001 23.726
1896 52 -13.075999999999999 24.863000000000003
1896 77 -24.336 8.609
1896 47 -6.169 26.234
1896 67 -21.489 8.609
1896 85 21.308000000000003 21.669
1896 54 -30.775 22.618000000000002
1896 90 -26.975 25.628
1908 67 -21.534000000000002 8.609
1908 85 21.308000000000003 21.669
1908 90 -26.967 25.636
1908 47 -6.666 26.234
1908 81 -9.761000000000001 22.325
1908 54 -30.775 22.618000000000002
1908 77 -24.336 8.609
1908 58 -19.975 9.061
1908 49 -4.9030000000000005 23.726
1908 52 -13.874 24.651999999999997
1908 45 25.149 9.174
1920 47 -7.162999999999999 26.234
1920 81 -9.264 22.325
1920 85 21.308000000000003 21.76
1920 58 -19.975 8.971
1920 49 -5.31 23.816
1920 68 -21.579 8.609
1920 90 -26.959 25.644000000000002
1920 78 -24.336 8.609
1920 45 25.149 9.174
1920 52 -14.868 24.651999999999997
1920 54 -30.775 22.618000000000002
1932 58 -19.975 8.971
1932 90 -26.95 25.653000000000002
1932 47 -7.75 26.053
1932 54 -30.775 22.618000000000002
1932 68 -21.579 8.699
1932 81 -8.745 22.325
1932 45 25.149 9.174
1932 49 -5.9879999999999995 23.816
1932 52 -15.862 24.471
1932 78 -24.336 8.609
1932 85 21.353 21.76
1944 81 -8.157 22.325
1944 85 21.353 21.76
1944 47 -8.247 26.053
1944 45 25.149 9.174
1944 58 -19.975 8.971
1944 78 -24.336 8.609
1944 52 -16.879 24.471
1944 49 -6.485 23.816
1944 54 -30.775 22.618000000000002
1944 68 -21.579 8.699
1944 90 -26.941999999999997 25.660999999999998
1944 69 14.777999999999999 7.027
1956 69 15.026 7.027
1956 59 -19.975 8.88
1956 81 -7.57 22.325
1956 68 -21.579 8.699
1956 78 -24.336 8.609
1956 49 -6.914 24.019000000000002
1956 52 -17.873 24.471
1956 90 -26.934 25.669
1956 85 21.353 21.76
1956 47 -8.745 26.053
1956 54 -30.775 22.618000000000002
1968 90 -26.926 25.677
1968 59 -19.975 8.88
1968 52 -18.89 24.29
1968 54 -30.775 22.618000000000002
1968 47 -9.422 25.691
1968 78 -24.336 8.609
1968 69 15.343 7.027
1968 81 -6.982 22.528000000000002
1968 85 21.353 21.76
1968 49 -7.343999999999999 24.019000000000002
1968 68 -21.579 8.79
1980 78 -24.336 8.609
1980 69 15.704 7.027
1980 59 -19.975 8.88
1980 68 -21.579 8.79
1980 85 21.353 21.76
1980 81 -6.485 22.528000000000002
1980 90 -26.918000000000003 25.685
1992 68 -21.579 8.79
1992 81 -5.897 22.528000000000002
1992 69 15.93 7.027
1992 59 -19.975 8.88
1992 85 21.353 21.76
1992 78 -24.336 8.609
2004 68 -21.579 8.79
2004 69 16.292 7.027
2004 59 -19.975 8.88
2004 78 -24.358 8.609
2004 81 -5.4 22.89
2016 69 16.698 7.297999999999999
2016 78 -24.358 8.609
2016 81 -5.039 23.726
2016 59 -19.975 8.88
2016 68 -21.579 8.79
2028 81 -4.519 24.471
2028 68 -21.534000000000002 8.79
2028 78 -24.358 8.609
2028 69 17.037 7.479
2028 59 -19.975 8.971
2040 69 17.467 7.479
2040 68 -21.534000000000002 8.88
2040 78 -24.358 8.609
2040 81 -4.18 24.651999999999997
2040 59 -19.975 8.88
2052 68 -21.489 8.79
2052 81 -3.864 25.217
2052 69 17.964000000000002 7.479
2052 59 -19.975 8.971
2052 78 -24.313000000000002 8.699
2064 69 18.461 7.683
2064 59 -19.975 8.88
2064 78 -24.313000000000002 8.699
2064 68 -21.489 8.79
2064 81 -3.615 25.217
2076 59 -19.975 8.971
2076 68 -21.398000000000003 8.88
2076 78 -24.313000000000002 8.699
2076 81 -3.1860000000000004 25.217
2076 69 19.048 7.683
2088 68 -21.398000000000003 8.79
2088 78 -24.313000000000002 8.812000000000001
2088 59 -19.975 8.88
2088 81 -3.028 25.217
2088 69 19.545 7.683
2100 68 -21.353 8.79
2100 59 -19.975 8.88
2100 81 -2.338 25.281
2100 69 19.952 7.683
2100 78 -24.313000000000002 8.812000000000001
2112 59 -20.02 8.993
2112 68 -21.308000000000003 8.88
2112 78 -24.268 8.812000000000001
2112 69 20.381 7.683
2124 68 -21.308000000000003 8.79
2124 59 -20.02 8.902999999999999
2124 78 -24.268 8.902999999999999
2124 69 20.72 8.044
2136 78 -24.268 8.902999999999999
2136 68 -21.24 8.902999999999999
2136 59 -20.02 8.993
2136 69 21.398000000000003 8.247
2148 59 -20.02 8.902999999999999
2148 69 21.895 8.247
2148 68 -21.24 8.902999999999999
2148 78 -24.268 8.902999999999999
2160 69 22.483 8.247
2160 59 -20.02 8.993
2172 59 -20.02 8.993
2172 69 23.07 8.247
2184 59 -20.02 8.993
