1224 15 -10.32 13.084000000000001
1224 22 1.452 24.438000000000002
1224 99 9.406 -0.239
1224 11 -20.7 11.116
1224 21 -18.294 24.598000000000003
1236 23 1.969 24.438000000000002
1236 11 -21.276999999999997 11.275
1236 99 8.809 -0.239
1236 15 -9.802999999999999 13.084000000000001
1248 11 -21.933000000000003 11.275
1248 99 8.292 -0.06
1248 15 -9.306000000000001 13.084000000000001
1248 23 2.565 24.438000000000002
1260 23 3.062 24.438000000000002
1260 15 -8.809 13.084000000000001
1260 11 -22.53 11.275
1260 99 7.636 -0.06
1272 16 -8.292 13.084000000000001
1272 99 6.98 -0.239
1272 23 3.5589999999999997 24.438000000000002
1284 99 6.303 -0.239
1284 16 -7.775 13.084000000000001
1284 23 4.0760000000000005 24.438000000000002
1296 99 5.667000000000001 -0.418
1296 16 -7.257999999999999 13.084000000000001
1296 23 4.593 24.438000000000002
1308 23 5.11 24.438000000000002
1308 16 -6.7410000000000005 13.084000000000001
1308 99 5.071000000000001 -0.418
1320 23 5.627000000000001 24.438000000000002
1320 99 4.474 -0.418
1320 16 -6.224 13.084000000000001
1332 16 -5.707000000000001 13.084000000000001
1332 99 3.917 -0.418
1332 23 6.144 24.438000000000002
1344 16 -5.21 13.084000000000001
1344 23 6.6610000000000005 24.438000000000002
1344 99 3.4 -0.418
1356 16 -4.713 13.084000000000001
1356 23 7.159 24.438000000000002
1368 23 7.656000000000001 24.438000000000002
1368 16 -4.196000000000001 13.084000000000001
1380 16 -3.679 13.084000000000001
1380 23 8.252 24.598000000000003
1392 16 -3.162 13.084000000000001
1392 23 8.769 24.598000000000003
1404 23 9.366 24.598000000000003
1404 16 -2.645 13.084000000000001
1416 23 9.883 24.598000000000003
1416 16 -2.287 13.243
1428 23 10.44 24.598000000000003
1428 16 -1.929 13.422
1440 23 11.036 24.598000000000003
1440 16 -1.4909999999999999 13.581
1452 23 11.552999999999999 24.598000000000003
1452 16 -0.895 13.243
1464 16 -0.636 13.084000000000001
1464 23 12.15 24.598000000000003
1476 16 -0.099 13.084000000000001
1488 16 0.418 13.084000000000001
1500 16 0.935 13.243
1560 30 -5.309 4.513999999999999
1572 30 -5.8260000000000005 4.832
1584 30 -6.343 5.15
1596 30 -6.86 5.309
1608 86 5.11 13.422
1608 30 -7.377000000000001 5.627000000000001
1620 30 -7.874 5.985
1620 86 5.547999999999999 13.243
1632 30 -8.391 6.303
1632 86 5.985 13.084000000000001
1644 86 6.443 12.905
1644 30 -8.908 6.622000000000001
1656 30 -9.346 6.622000000000001
1656 86 6.88 12.587
1668 86 7.318 12.427999999999999
1668 30 -9.724 6.462999999999999
1680 86 7.755 12.269
1680 30 -10.082 6.303
1692 86 8.193 12.11
1692 30 -10.44 6.144
1704 86 8.63 11.950999999999999
1704 30 -10.797 5.985
1716 86 8.988 11.613
1716 30 -11.175 5.806
1728 30 -11.552999999999999 5.627000000000001
1728 86 9.425 11.434000000000001
1740 30 -11.834000000000001 5.627000000000001
1740 86 9.863 11.275
1752 86 10.3 11.116
1752 30 -11.843 5.626
1764 86 10.738 10.957
1764 30 -11.853 5.625
1776 30 -11.863 5.624
1776 86 11.175 10.797
1788 30 -11.872 5.622999999999999
1788 86 11.692 10.638
1800 86 12.209000000000001 10.638
1800 31 -11.882 5.622000000000001
1812 31 -11.890999999999998 5.621
1812 86 12.647 10.479000000000001
1824 31 -11.9 5.619
1824 86 13.164000000000001 10.3
1836 86 13.600999999999999 10.3
1836 31 -11.91 5.617999999999999
1848 31 -11.919 5.617000000000001
1848 87 14.118 10.141
1860 87 14.556 9.962
1860 31 -11.929 5.6160000000000005
1872 31 -11.937999999999999 5.615
1872 87 15.073 9.962
1884 87 15.51 9.802999999999999
1884 31 -11.948 5.614
1896 87 16.027 9.644
1896 31 -11.958 5.6129999999999995
1908 87 16.465 9.644
1908 31 -11.967 5.612
1920 87 16.902 9.565
1920 31 -11.977 5.611000000000001
1932 87 17.379 9.406
1932 31 -11.985999999999999 5.61
1944 87 17.857 9.406
1944 31 -11.995999999999999 5.608
1956 31 -12.005 5.608
1956 87 18.334 9.326
1968 31 -12.015 5.606
1968 87 18.771 9.246
1980 31 -12.024000000000001 5.605
1980 87 19.209 9.167
1992 87 19.726 9.167
1992 31 -12.034 5.604
2004 31 -12.043 5.603
2004 38 -21.615 11.792
2004 87 20.283 9.167
2016 87 21.078000000000003 9.246
2016 31 -12.052999999999999 5.602
2016 38 -21.058000000000003 11.792
2028 87 21.794 9.406
2028 26 -12.09 24.279
2028 31 -12.062000000000001 5.601
2028 38 -20.541 11.593
2040 24 -27.421 23.623
2040 32 -12.072000000000001 5.6
2040 38 -19.984 11.513
2040 87 22.569000000000003 9.485
2040 26 -11.950999999999999 24.776999999999997
2052 26 -11.792 25.095
2052 87 22.893 9.479
2052 24 -26.825 23.623
2052 32 -12.081 5.599
2052 38 -19.487000000000002 11.434000000000001
2064 87 22.901 9.469
2064 24 -26.188000000000002 23.623
2064 26 -11.633 25.592
2064 38 -18.93 11.354000000000001
2064 32 -12.091 5.598
2076 32 -12.1 5.596
2076 87 22.91 9.459
2076 24 -25.511999999999997 23.623
2076 38 -18.334 11.275
2076 26 -11.513 26.089000000000002
2088 32 -12.11 5.595
2088 24 -24.936 23.781999999999996
2088 26 -11.354000000000001 26.406999999999996
2088 88 22.918000000000003 9.449
2088 38 -17.837 11.116
2100 24 -24.279 23.781999999999996
2100 38 -17.28 11.036
2100 32 -12.119000000000002 5.593999999999999
2100 88 22.927 9.439
2100 26 -11.195 26.904
2112 24 -23.683000000000003 23.781999999999996
2112 88 22.936 9.429
2112 38 -16.783 10.957
2112 26 -11.075999999999999 27.381
2112 32 -12.129000000000001 5.593
2124 38 -16.226 10.877
2124 24 -23.026999999999997 23.941
2124 26 -10.917 27.719
2124 88 22.944000000000003 9.419
2124 32 -12.139000000000001 5.5920000000000005
2136 32 -12.148 5.591
2136 88 22.953000000000003 9.408999999999999
2136 38 -15.709000000000001 10.718
2136 26 -10.758 28.197
2136 24 -22.45 23.941
2148 88 22.962 9.399
2148 32 -12.157 5.59
2148 38 -15.152000000000001 10.718
2148 26 -10.638 28.694000000000003
2148 24 -21.774 23.941
2160 26 -10.479000000000001 29.031999999999996
2160 38 -14.595 10.638
2160 32 -12.167 5.5889999999999995
2160 24 -21.138 23.941
2160 88 22.971 9.389
2172 32 -12.175999999999998 5.587999999999999
2172 24 -20.621 24.12
2172 26 -10.4 29.191
2172 38 -14.078 10.638
2172 88 22.979 9.379
2184 32 -12.186 5.586
2184 24 -20.104 24.279
2184 26 -10.4 29.191
2184 38 -13.482000000000001 10.638
2184 88 22.988000000000003 9.369
2196 32 -12.195 5.585
2196 26 -10.4 29.191
2196 88 22.996 9.359
2196 38 -12.925 10.559000000000001
2196 24 -19.587 24.279
2208 32 -12.205 5.584
2208 26 -10.4 29.191
2208 38 -12.388 10.559000000000001
2208 24 -19.07 24.458000000000002
2208 88 23.005 9.349
2220 24 -18.553 24.616999999999997
2220 26 -10.4 29.191
2220 88 23.014 9.339
2220 32 -12.214 5.582999999999999
2220 38 -11.831 10.479000000000001
2232 88 23.022 9.329
2232 38 -11.275 10.479000000000001
2232 32 -12.224 5.582000000000001
2232 24 -18.055 24.776999999999997
2232 26 -10.4 29.191
2244 32 -12.234000000000002 5.581
2244 39 -10.718 10.479000000000001
2244 24 -17.538 24.776999999999997
2244 88 23.031 9.318999999999999
2244 26 -10.4 29.191
2256 88 23.04 9.309
2256 32 -12.243 5.58
2256 26 -10.4 29.191
2256 24 -17.021 24.936
2256 39 -10.201 10.38
2268 32 -12.253 5.579
2268 88 23.049 9.299
2268 27 -10.4 29.191
2268 24 -16.584 25.095
2268 39 -9.604 10.38
2280 33 -12.262 5.577999999999999
2280 27 -10.4 29.191
2280 39 -9.048 10.38
2280 25 -16.087 25.254
2280 88 23.057 9.289
2292 39 -8.511000000000001 10.221
2292 25 -15.57 25.254
2292 27 -10.4 29.191
2292 88 23.066 9.279
2292 33 -12.272 5.577000000000001
2304 25 -14.834000000000001 25.254
2304 27 -10.4 29.191
2304 33 -12.280999999999999 5.5760000000000005
2304 88 23.074 9.269
2304 39 -7.914 10.221
2316 33 -12.29 5.575
2316 25 -14.097999999999999 25.095
2316 88 23.083000000000002 9.259
2316 27 -10.4 29.191
2316 39 -7.337999999999999 10.062000000000001
2328 27 -10.4 29.191
2328 33 -12.3 5.5729999999999995
2328 89 23.090999999999998 9.249
2328 25 -13.302999999999999 24.936
2328 39 -6.7410000000000005 10.062000000000001
2340 25 -12.567 24.936
2340 39 -6.224 9.883
2340 89 23.1 9.238999999999999
2340 33 -12.31 5.572
2340 27 -10.4 29.191
2352 27 -10.4 29.191
2352 25 -11.752 24.776999999999997
2352 39 -5.647 9.883
2352 89 23.109 9.229
2352 33 -12.319 5.571000000000001
2364 33 -12.329 5.57
2364 89 23.118000000000002 9.219
2364 25 -11.036 24.616999999999997
2364 27 -10.4 29.191
2364 39 -5.071000000000001 9.724
2376 39 -4.474 9.724
2376 89 23.125999999999998 9.209
2376 33 -12.338 5.569
2376 27 -10.4 29.191
2376 25 -10.3 24.458000000000002
2388 33 -12.347999999999999 5.568
2388 89 23.135 9.199
2388 27 -10.4 29.191
2388 25 -9.783 24.458000000000002
2388 39 -3.957 9.565
2400 33 -11.991 5.568
2400 39 -3.46 9.406
2400 89 23.144000000000002 9.189
2400 27 -10.4 29.191
2400 25 -9.207 24.458000000000002
2412 33 -11.533 5.886
2412 39 -2.943 9.246
2412 27 -10.4 29.191
2412 89 23.151999999999997 9.179
2412 25 -8.69 24.279
2424 25 -8.173 24.279
2424 39 -2.426 9.246
2424 33 -11.095999999999998 6.045
2424 27 -10.4 29.191
2424 89 23.160999999999998 9.169
2436 89 23.169 9.158999999999999
2436 33 -10.738 6.204
2436 27 -10.4 29.191
2436 39 -1.909 9.087
2436 25 -7.5760000000000005 24.12
2448 39 -1.412 8.908
2448 89 23.178 9.149
2448 25 -7.079 24.12
2448 27 -10.4 29.191
2448 33 -10.3 6.382999999999999
2460 33 -9.863 6.542000000000001
2460 89 23.186999999999998 9.139
2460 25 -6.482 24.12
2460 27 -10.4 29.191
2460 39 -0.895 8.749
2472 33 -9.346 6.7010000000000005
2472 39 -0.298 8.749
2472 89 23.195999999999998 9.129
2472 25 -5.8260000000000005 24.12
2472 27 -10.4 29.191
2484 89 23.204 9.119
2484 40 0.19899999999999998 8.749
2484 27 -10.4 29.191
2484 33 -8.69 6.88
2484 25 -5.17 24.279
2496 27 -10.4 29.191
2496 40 0.795 8.749
2496 89 23.213 9.109
2496 36 -11.513 23.603
2496 25 -4.434 24.458000000000002
2496 33 -8.014 7.1979999999999995
2508 25 -3.778 24.458000000000002
2508 40 1.3719999999999999 8.749
2508 36 -11.991 22.311
2508 33 -7.437 7.357
2508 89 23.221999999999998 9.099
2520 89 23.23 9.089
2520 34 -6.86 7.437
2520 36 -12.189 21.336
2520 40 1.929 8.829
2532 89 23.239 9.079
2532 40 2.525 8.829
2532 34 -6.224 7.596
2532 36 -12.347999999999999 20.521
2544 89 23.247 9.068999999999999
2544 40 3.062 8.908
2544 36 -12.547 19.547
2544 34 -5.647 7.6160000000000005
2556 36 -12.706 18.732
2556 34 -5.031000000000001 7.775
2556 40 3.639 8.908
2556 89 23.256 9.059
2568 34 -4.295 7.775
2568 90 23.265 9.049
2568 40 4.156000000000001 8.988
2568 36 -12.945 17.737000000000002
2580 90 23.274 9.039
2580 34 -3.639 7.934
2580 36 -13.064 16.922
2580 40 4.752 9.067
2592 90 23.281999999999996 9.029
2592 36 -13.302999999999999 15.948
2592 34 -2.963 8.093
2592 40 5.309 9.067
2604 40 5.8660000000000005 9.147
2604 36 -13.74 15.450999999999999
2604 90 23.291 9.019
2604 34 -2.247 8.093
2616 40 6.422999999999999 9.227
2616 36 -14.257 14.953
2616 90 23.299 9.009
2616 34 -1.591 8.252
2628 36 -14.695 14.317
2628 34 -0.935 8.252
2628 40 6.94 9.227
2628 90 23.308000000000003 8.999
2640 36 -15.132 13.82
2640 34 -0.33799999999999997 8.093
2640 40 7.457000000000001 9.227
2640 90 23.316999999999997 8.988999999999999
2652 40 7.974 9.227
2652 36 -15.649000000000001 13.323
2652 90 23.325 8.979
2652 34 0.318 8.093
2664 34 0.9740000000000001 7.934
2664 40 8.55 9.227
2664 90 23.334 8.969
2664 36 -16.087 12.667
2676 90 23.343000000000004 8.959
2676 34 1.571 7.775
2676 40 9.048 9.227
2676 36 -16.524 12.189
2688 34 2.148 7.6160000000000005
2688 90 23.351 8.949
2688 36 -17.041 11.692
2688 40 9.565 9.227
2700 34 2.366 7.278
2700 90 23.36 8.939
2700 36 -17.399 11.036
2700 40 10.082 9.227
2712 90 23.369 8.929
2712 36 -17.678 10.221
2712 34 2.525 6.94
2712 40 10.599 9.227
2724 36 -17.996 9.565
2724 34 2.7239999999999998 6.622000000000001
2724 90 23.377 8.919
2724 41 11.116 9.227
2736 37 -18.195 8.749
2736 34 2.963 6.303
2736 90 23.386 8.908999999999999
2736 41 11.633 9.227
2748 37 -18.473 8.093
2748 41 12.15 9.227
2748 34 3.162 5.985
2748 90 23.395 8.898
2760 41 12.706 9.227
2760 35 3.4 5.806
2760 37 -18.791 7.278
2760 90 23.403000000000002 8.889
2772 37 -19.07 6.462999999999999
2772 42 15.132 29.927
2772 35 3.4 5.806
2772 90 23.412 8.879
2772 41 13.222999999999999 9.227
2784 37 -19.507 4.9910000000000005
2784 35 3.4 5.806
2784 42 14.894 30.086
2784 90 23.421 8.869
2784 41 13.74 9.227
2796 35 3.4 5.806
2796 42 14.894 30.404
2796 37 -19.666 4.494
2796 90 23.429000000000002 8.859
2796 41 14.257 9.227
2808 35 3.4 5.806
2808 42 14.894 30.901
2808 41 14.854000000000001 9.227
2808 91 23.438000000000002 8.849
2808 37 -19.666 4.494
2820 42 14.814 31.239
2820 35 3.4 5.806
2820 91 23.447 8.838
2820 37 -19.666 4.494
2820 41 15.370999999999999 9.227
2832 37 -19.666 4.494
2832 91 23.455 8.828
2832 35 3.4 5.806
2832 42 14.814 31.557
2832 41 15.868 9.227
2844 37 -19.666 4.494
2844 91 23.464000000000002 8.818999999999999
2844 35 3.4 5.806
2844 42 14.814 31.875
2844 41 16.445 9.227
2856 42 14.814 32.373000000000005
2856 35 3.4 5.806
2856 91 23.471999999999998 8.809
2856 41 16.962 9.227
2856 37 -19.666 4.494
2868 37 -19.666 4.494
2868 41 17.479 9.227
2868 91 23.480999999999998 8.799
2868 35 3.4 5.806
2868 42 14.735 32.691
2880 91 23.49 8.789
2880 35 3.4 5.806
2880 42 14.735 33.029
2880 41 18.075 9.227
2880 37 -19.666 4.494
2892 91 23.499000000000002 8.777999999999999
2892 42 14.735 33.347
2892 41 18.592 9.227
2892 37 -19.666 4.494
2892 35 3.4 5.806
2904 37 -19.666 4.494
2904 42 14.735 33.844
2904 41 19.089000000000002 9.227
2904 35 3.4 5.806
2904 91 23.506999999999998 8.767999999999999
2916 42 14.655 34.162
2916 41 19.666 9.227
2916 35 3.4 5.806
2916 91 23.516 8.758
2916 37 -19.666 4.494
2928 41 20.183 9.386000000000001
2928 35 3.4 5.806
2928 37 -19.666 4.494
2928 42 14.655 34.5
2928 91 23.444000000000003 8.59
2940 37 -19.666 4.494
2940 41 20.7 9.386000000000001
2940 35 3.4 5.806
2940 42 14.655 34.818000000000005
2940 91 22.848000000000003 8.59
2952 91 22.331 8.59
2952 37 -19.666 4.494
2952 42 14.575999999999999 35.156
2952 41 21.177 9.386000000000001
2952 35 3.4 5.806
2964 37 -19.666 4.494
2964 42 14.575999999999999 35.634
2964 35 3.4 5.806
2964 91 21.774 8.59
2976 42 14.575999999999999 35.972
2976 35 3.4 5.806
2976 91 21.177 8.59
2988 42 14.575999999999999 36.29
2988 35 3.4 5.806
2988 91 20.66 8.59
3000 91 20.143 8.411
3000 42 14.515999999999998 36.628
3012 91 19.625999999999998 8.411
3024 91 19.109 8.411
3036 91 18.672 8.411
3048 92 18.175 8.411
3060 92 17.698 8.511000000000001
3072 92 17.24 8.511000000000001
3084 92 16.723 8.511000000000001
3096 92 16.285999999999998 8.511000000000001
3108 96 23.006999999999998 9.326
3108 92 15.769 8.59
3120 92 15.290999999999999 8.59
3120 96 22.49 9.326
3132 92 14.814 8.59
3132 96 21.893 9.326
3144 96 21.375999999999998 9.326
3144 92 14.337 8.59
3156 92 13.82 8.67
3156 96 20.819000000000003 9.326
3168 92 13.343 8.67
3168 100 -27.281999999999996 10.957
3168 96 20.302 9.326
3180 100 -26.845 10.957
3180 96 19.785 9.326
3180 92 12.865 8.67
3192 92 12.388 8.67
3192 100 -26.328000000000003 10.957
3192 96 19.189 9.326
3204 96 18.672 9.326
3204 100 -25.811 10.957
3204 92 11.911 8.749
3216 92 11.394 8.749
3216 100 -25.373 11.116
3216 96 18.115 9.326
3228 100 -24.855999999999998 11.116
3228 92 10.957 8.749
3228 96 17.598 9.326
3240 96 17.081 9.326
3240 100 -24.339000000000002 11.116
3240 92 10.44 8.749
3252 100 -23.822 11.275
3252 96 16.485 9.326
3252 92 9.942 8.67
3264 100 -23.325 11.275
3264 96 15.968 9.326
3264 92 9.445 8.67
3276 100 -22.808000000000003 11.275
3276 96 15.450999999999999 9.326
3276 92 8.927999999999999 8.67
3288 100 -22.311 11.275
3288 93 8.411 8.67
3288 96 14.894 9.326
3300 96 14.377 9.326
3300 93 7.815 8.511000000000001
3300 100 -21.853 11.454
3312 100 -21.355999999999998 11.454
3312 93 7.297999999999999 8.511000000000001
3312 96 13.78 9.147
3324 93 6.781000000000001 8.511000000000001
3324 96 13.263 9.147
3324 100 -20.839000000000002 11.454
3336 100 -20.322 11.613
3336 96 12.745999999999999 8.988
3336 93 6.224 8.352
3348 100 -19.805 11.613
3348 97 12.189 8.988
3348 93 5.707000000000001 8.352
3360 100 -19.288 11.613
3360 93 5.19 8.352
3360 97 11.672 8.988
3372 93 4.673 8.352
3372 100 -18.791 11.772
3372 97 11.155 8.829
3384 93 4.0760000000000005 8.193
3384 97 10.559000000000001 8.829
3384 100 -18.334 11.772
3396 100 -17.837 11.772
3396 93 3.5589999999999997 8.193
3396 97 10.042 8.67
3408 93 3.062 8.193
3408 101 -17.32 11.772
3408 97 9.525 8.67
3420 101 -16.803 11.931
3420 97 8.968 8.511000000000001
3420 93 2.565 8.014
3432 97 8.451 8.511000000000001
3432 93 1.969 8.014
3432 101 -16.305999999999997 11.931
3444 93 1.452 8.014
3444 97 7.934 8.511000000000001
3444 101 -15.789000000000001 11.931
3456 97 7.337999999999999 8.352
3456 93 0.935 8.014
3456 101 -15.272 11.931
3468 101 -14.755 11.931
3468 93 0.49700000000000005 8.014
3468 97 6.821000000000001 8.352
3480 101 -14.238 11.931
3480 97 6.303 8.173
3480 93 0.06 8.193
3492 93 -0.37799999999999995 8.193
3492 97 5.747000000000001 8.173
3492 101 -13.74 11.931
3504 93 -0.815 8.352
3504 101 -13.222999999999999 11.931
3504 97 5.23 8.173
3516 101 -12.706 11.931
3516 97 4.673 8.173
3516 93 -1.253 8.352
3528 101 -12.17 12.01
3528 94 -1.73 8.511000000000001
3528 97 4.1160000000000005 8.173
3540 94 -2.207 8.59
3540 97 3.5589999999999997 8.173
3540 101 -11.652999999999999 12.01
3552 97 3.042 8.173
3552 101 -11.095999999999998 12.09
3552 94 -2.6839999999999997 8.749
3564 94 -3.122 8.749
3564 97 2.4859999999999998 8.173
3564 101 -10.599 12.17
3576 94 -3.639 8.829
3576 101 -10.082 12.17
3576 97 1.929 8.173
3588 94 -4.0760000000000005 8.988
3588 101 -9.525 12.249
3588 98 1.3719999999999999 8.173
3600 94 -4.593 9.067
3600 98 0.835 8.272
3600 101 -9.008 12.249
3612 101 -8.491 12.329
3612 94 -5.031000000000001 9.147
3612 98 0.239 8.272
3624 101 -7.934 12.427999999999999
3624 94 -5.507999999999999 9.227
3624 64 22.649 8.173
3624 98 -0.259 8.272
3636 64 22.131999999999998 8.173
3636 98 -0.815 8.272
3636 94 -5.985 9.406
3636 101 -7.457000000000001 12.427999999999999
3648 64 21.615 8.173
3648 102 -6.86 12.508
3648 98 -1.3719999999999999 8.352
3648 94 -6.462999999999999 9.485
3660 64 21.177 8.173
3660 98 -1.909 8.352
3660 102 -6.343 12.508
3660 94 -6.9 9.565
3672 94 -7.417000000000001 9.644
3672 102 -5.8260000000000005 12.508
3672 98 -2.505 8.352
3672 64 20.66 8.173
3684 94 -7.855 9.823
3684 98 -3.022 8.352
3684 102 -5.309 12.687000000000001
3684 64 20.143 8.173
3696 64 19.706 8.173
3696 98 -3.5589999999999997 8.431000000000001
3696 102 -4.7330000000000005 12.687000000000001
3696 94 -8.332 9.823
3708 102 -4.235 12.845999999999998
3708 98 -4.1160000000000005 8.431000000000001
3708 94 -8.829 9.982000000000001
3708 64 19.189 8.173
3720 102 -3.718 12.845999999999998
3720 64 18.672 8.173
3720 94 -9.266 10.062000000000001
3720 98 -4.6530000000000005 8.431000000000001
3732 94 -9.783 10.221
3732 64 18.175 8.014
3732 102 -3.122 12.845999999999998
3732 98 -5.25 8.431000000000001
3744 94 -10.221 10.221
3744 98 -5.767 8.431000000000001
3744 64 17.717 8.014
3744 102 -2.605 13.005
3756 98 -6.343 8.431000000000001
3756 64 17.24 8.014
3756 102 -2.088 13.005
3756 94 -10.738 10.221
3768 64 16.723 8.014
3768 102 -1.571 13.005
3768 95 -11.175 10.221
3768 98 -6.88 8.431000000000001
3780 102 -1.014 13.164000000000001
3780 95 -11.692 10.221
3780 98 -7.397 8.431000000000001
3780 64 16.206 8.014
3792 102 -0.49700000000000005 13.164000000000001
3792 64 15.769 8.014
3792 98 -7.994 8.431000000000001
3792 95 -12.189 10.221
3804 98 -8.431000000000001 8.431000000000001
3804 95 -12.627 10.221
3804 102 0.02 13.164000000000001
3804 64 15.252 8.014
3816 64 14.735 8.014
3816 98 -8.948 8.431000000000001
3816 102 0.537 13.164000000000001
3816 95 -13.144 10.221
3828 64 14.218 7.855
3828 102 1.054 13.164000000000001
3828 95 -13.581 10.221
3840 95 -14.097999999999999 10.38
3840 64 13.700999999999999 7.855
3840 102 1.571 13.164000000000001
3852 64 13.184000000000001 7.855
3852 102 2.088 13.164000000000001
3852 95 -14.615 10.38
3864 65 12.667 7.855
3864 102 2.605 13.164000000000001
3864 95 -15.052999999999999 10.38
3876 65 12.189 7.855
3876 102 3.162 13.323
3876 95 -15.57 10.38
3888 103 3.5989999999999998 13.164000000000001
3888 65 11.593 7.676
3888 95 -16.007 10.38
3900 95 -16.524 10.38
3900 103 4.037 13.005
3900 65 11.075999999999999 7.676
3912 103 4.553999999999999 12.845999999999998
3912 65 10.559000000000001 7.676
3912 95 -17.021 10.38
3924 103 4.9910000000000005 12.687000000000001
3924 65 10.042 7.676
3924 95 -17.479 10.38
3936 95 -17.976 10.38
3936 65 9.525 7.676
3936 103 5.507999999999999 12.508
3948 65 9.008 7.516
3948 103 5.946000000000001 12.347999999999999
3948 95 -18.413 10.38
3960 95 -18.93 10.539000000000001
3960 103 6.462999999999999 12.17
3960 65 8.451 7.516
3972 95 -19.368 10.539000000000001
3972 65 7.934 7.516
3972 103 6.98 12.01
3984 103 7.497000000000001 12.01
3984 95 -19.805 10.539000000000001
3984 65 7.417000000000001 7.516
3996 103 8.014 12.01
3996 95 -20.243 10.539000000000001
3996 65 6.9 7.516
4008 65 6.462999999999999 7.437
4008 103 8.531 11.850999999999999
4020 103 8.968 11.692
4020 65 6.025 7.437
4032 103 9.445 11.613
4032 65 5.587999999999999 7.357
4044 65 5.15 7.1979999999999995
4044 103 9.923 11.374
4056 65 4.713 6.86
4056 103 10.38 11.215
4068 103 10.817 11.056
4068 65 4.196000000000001 6.86
4080 103 11.394 10.857000000000001
4080 65 3.5989999999999998 6.86
4092 65 2.963 7.039
4092 103 11.911 10.698
4104 103 12.427999999999999 10.539000000000001
4104 66 2.366 7.039
4116 103 12.945 10.539000000000001
4116 66 1.77 7.039
4116 69 23.166 8.272
4128 66 1.4909999999999999 6.86
4128 104 13.302999999999999 10.539000000000001
4128 69 22.49 7.934
4140 104 13.74 10.221
4140 69 21.834 7.755
4140 66 0.815 6.382999999999999
4152 104 14.337 9.902999999999999
4152 66 0.02 5.568
4152 69 21.177 7.755
4164 104 14.774000000000001 9.902999999999999
4164 69 20.382 7.596
4164 66 -0.259 6.224
4176 104 15.212 9.902999999999999
4176 69 19.507 7.437
4176 66 -0.5770000000000001 7.039
4188 66 -1.074 7.357
4188 104 15.808 9.744
4188 69 18.91 7.278
4200 104 16.325 9.386000000000001
4200 69 18.314 7.119
4200 66 -1.571 7.695
4212 69 17.717 6.96
4212 66 -2.088 7.855
4212 104 16.823 9.227
4224 69 16.803 6.96
4224 66 -2.525 7.695
4224 104 17.32 9.067
4236 104 17.698 9.067
4236 69 15.968 7.119
4236 66 -2.963 7.695
4248 66 -3.48 8.014
4248 104 17.637999999999998 9.386000000000001
4248 69 15.450999999999999 7.278
4260 66 -3.997 8.173
4260 104 17.558 9.744
4260 69 14.894 7.278
4272 66 -4.434 8.332
4272 104 19.149 8.749
4272 69 14.138 7.437
4284 104 19.666 8.749
4284 66 -4.9510000000000005 8.67
4284 69 13.422 7.437
4296 104 20.183 8.749
4296 69 12.627 7.437
4296 66 -5.388999999999999 8.829
4308 69 11.792 7.437
4308 66 -5.8260000000000005 8.988
4308 104 20.7 8.749
4320 69 10.995999999999999 7.437
4320 66 -6.263999999999999 9.167
4320 104 21.296999999999997 8.749
4332 104 21.655 8.59
4332 66 -6.86 9.326
4332 69 10.28 7.596
4344 69 9.604 7.755
4344 104 22.092 8.59
4344 67 -7.457000000000001 9.644
4356 70 8.968 7.596
4356 104 22.689 8.749
4356 67 -8.014 9.644
4368 70 8.292 7.437
4368 67 -8.531 9.644
4380 70 7.5760000000000005 7.437
4380 67 -9.127 9.802999999999999
4392 67 -9.644 9.802999999999999
4392 70 6.821000000000001 7.437
4404 67 -10.241 9.982000000000001
4404 70 6.025 7.437
4416 67 -10.718 10.141
4416 70 5.309 7.437
4428 70 4.553999999999999 7.437
4428 67 -11.314 10.3
4440 67 -11.831 10.459000000000001
4440 105 23.105999999999998 7.855
4440 70 3.838 7.437
4452 105 22.53 7.676
4452 70 3.042 7.596
4452 67 -12.427999999999999 10.459000000000001
4464 105 22.013 7.676
4464 67 -12.945 10.638
4464 70 2.287 7.596
4476 67 -13.502 10.797
4476 70 1.571 7.596
4476 105 21.496 7.516
4488 67 -14.019 10.957
4488 70 0.815 7.596
4488 105 20.919 7.357
4500 67 -14.536 11.116
4500 105 20.402 7.1979999999999995
4500 70 0.099 7.755
4512 67 -15.013 11.613
4512 105 19.746 7.357
4512 70 -0.616 7.835
4524 105 19.129 7.6160000000000005
4524 67 -15.49 11.870999999999999
4524 70 -1.3319999999999999 8.014
4536 105 18.533 7.6160000000000005
4536 70 -1.9880000000000002 8.193
4536 67 -16.007 11.870999999999999
4548 105 17.956 7.6160000000000005
4548 70 -2.6839999999999997 8.352
4548 67 -16.504 11.870999999999999
4560 70 -3.38 8.431000000000001
4560 105 17.439 7.6160000000000005
4560 67 -17.021 11.870999999999999
4572 105 16.862000000000002 7.6160000000000005
4572 67 -17.538 11.870999999999999
4572 70 -4.0760000000000005 8.59
4584 105 16.266 7.6160000000000005
4584 68 -18.055 11.870999999999999
4584 70 -4.772 8.749
4596 71 -5.428999999999999 8.988
4596 105 15.689 7.6160000000000005
4596 68 -18.493 11.870999999999999
4608 105 15.112 7.6160000000000005
4608 71 -6.164 9.067
4608 68 -19.01 11.870999999999999
4620 68 -19.527 11.870999999999999
4620 105 14.595 7.6160000000000005
4620 71 -6.821000000000001 9.227
4632 71 -7.516 9.406
4632 68 -20.024 11.870999999999999
4632 105 13.999 7.6160000000000005
4644 68 -20.541 11.870999999999999
4644 71 -8.212 9.565
4644 105 13.422 7.6160000000000005
4656 68 -21.058000000000003 11.870999999999999
4656 71 -8.869 9.644
4656 105 12.825999999999999 7.6160000000000005
4668 105 12.329 7.6160000000000005
4668 71 -9.604 9.823
4668 68 -21.555 11.692
4680 106 11.812000000000001 7.6160000000000005
4680 71 -10.34 9.823
4680 68 -21.993000000000002 11.692
4692 71 -11.056 9.823
4692 68 -22.49 11.692
4692 106 11.215 7.6160000000000005
4704 68 -22.967 11.593
4704 106 10.698 7.6160000000000005
4704 71 -11.732000000000001 9.982000000000001
4716 68 -23.404 11.593
4716 106 10.201 7.6160000000000005
4716 71 -12.448 9.982000000000001
4728 106 9.684 7.6160000000000005
4728 68 -23.881999999999998 11.513
4728 71 -13.184000000000001 10.141
4740 71 -13.919 10.141
4740 106 9.167 7.6160000000000005
4740 68 -24.319000000000003 11.513
4752 106 8.59 7.6160000000000005
4752 68 -24.796 11.434000000000001
4752 71 -14.635 10.141
4764 106 8.073 7.6160000000000005
4764 68 -25.234 11.434000000000001
4764 71 -15.390999999999998 10.3
4776 71 -16.027 10.3
4776 68 -25.711 11.354000000000001
4776 106 7.556 7.6160000000000005
4788 71 -16.783 10.3
4788 106 7.119 7.437
4788 68 -26.188000000000002 11.275
4800 71 -17.499000000000002 10.459000000000001
4800 106 6.602 7.278
4800 68 -26.625999999999998 11.275
4812 106 6.105 7.278
4812 71 -18.234 10.459000000000001
4812 68 -27.083000000000002 11.275
4824 106 5.21 7.437
4824 71 -18.97 10.459000000000001
4836 106 4.574 7.6160000000000005
4848 106 4.1160000000000005 7.6160000000000005
4860 106 3.679 7.6160000000000005
4872 106 3.241 7.6160000000000005
4884 106 2.804 7.6160000000000005
4896 106 2.287 7.437
4908 106 1.71 7.437
4920 107 1.114 7.437
4932 107 0.537 7.437
4944 107 -0.04 7.437
4956 107 -0.636 7.437
4968 107 -1.213 7.437
4980 107 -1.81 7.437
4992 107 -2.386 7.437
5004 107 -2.903 7.437
5016 107 -3.341 7.6160000000000005
5028 107 -3.858 7.855
5040 107 -4.295 8.093
5052 107 -4.812 8.252
5064 107 -5.289 8.491
5076 107 -5.767 8.67
5088 107 -6.224 8.829
5100 107 -6.6610000000000005 9.167
5112 107 -7.257999999999999 9.167
5124 107 -7.835 9.167
5136 107 -8.431000000000001 9.326
5148 107 -8.948 9.326
5160 108 -9.525 9.485
5172 108 -10.121 9.485
5184 108 -10.619000000000002 9.644
5196 108 -11.215 9.644
5208 108 -11.792 9.802999999999999
5220 108 -12.388 9.802999999999999
5232 108 -12.965 9.962
5244 108 -13.542 9.962
5256 108 -14.138 10.141
5268 108 -14.715 10.3
5280 108 -15.311 10.3
5292 108 -15.888 10.479000000000001
5304 108 -16.485 10.479000000000001
5316 108 -17.061 10.479000000000001
5328 108 -17.717 10.479000000000001
5340 108 -18.314 10.479000000000001
5352 108 -18.891 10.479000000000001
5364 108 -19.487000000000002 10.479000000000001
5376 108 -20.143 10.479000000000001
5388 108 -20.66 10.479000000000001
6012 112 -27.461 25.194000000000003
6024 112 -26.725 25.194000000000003
6036 112 -25.989 25.194000000000003
6048 112 -25.254 25.194000000000003
6060 112 -24.538 25.194000000000003
6072 112 -23.802 25.035
6084 112 -23.066 25.035
6096 112 -22.331 25.035
6108 112 -21.595 25.035
6120 112 -20.879 25.035
6132 112 -20.203 25.035
6144 112 -19.487000000000002 25.035
6156 112 -18.750999999999998 25.035
6168 112 -18.016 25.035
6180 112 -17.28 25.035
6192 112 -16.544 25.035
6204 112 -15.828 25.035
6216 112 -15.093 25.035
6228 112 -14.357000000000001 25.035
6240 112 -13.620999999999999 25.035
6252 113 -12.885 25.035
6264 113 -12.17 25.035
6276 113 -11.434000000000001 25.035
6288 55 -12.647 5.627000000000001
6288 113 -10.698 25.035
6300 113 -9.962 25.035
6300 55 -12.408 5.806
6312 113 -9.227 25.035
6312 55 -12.209000000000001 5.985
6324 55 -11.911 6.303
6324 113 -8.511000000000001 25.035
6336 113 -7.914 25.035
6336 55 -11.613 6.622000000000001
6348 113 -7.337999999999999 25.035
6348 55 -11.394 6.781000000000001
6360 55 -11.095999999999998 7.099
6360 113 -6.821000000000001 25.035
6372 55 -10.817 7.278
6372 113 -6.303 25.035
6384 55 -10.519 7.6160000000000005
6384 113 -5.727 25.035
6396 55 -10.3 7.934
6396 113 -5.21 25.035
6408 55 -10.002 8.093
6408 113 -4.613 25.035
6420 113 -4.1160000000000005 24.836
6420 55 -9.704 8.411
6432 113 -3.52 24.836
6432 55 -9.485 8.57
6444 113 -3.022 24.836
6444 55 -9.187000000000001 8.927999999999999
6456 113 -2.505 24.836
6456 55 -8.908 9.246
6468 55 -8.61 9.406
6468 113 -1.909 24.836
6480 55 -8.391 9.724
6480 113 -1.392 24.836
6492 55 -8.093 9.883
6504 55 -7.795 10.221
6516 55 -7.437 10.479000000000001
6528 56 -7.039 10.718
6540 56 -6.6610000000000005 10.957
6552 56 -6.303 11.116
6564 56 -5.946000000000001 11.434000000000001
6576 56 -5.568 11.613
6588 56 -5.21 11.850999999999999
6600 56 -4.792 12.11
6612 56 -4.434 12.347999999999999
6624 56 -4.0760000000000005 12.508
6636 56 -3.718 12.825999999999999
6648 56 -3.341 13.005
6660 56 -2.923 13.323
6672 56 -2.645 13.005
6684 56 -2.366 12.825999999999999
6696 56 -2.048 12.667
6708 56 -1.77 12.508
6720 56 -1.4909999999999999 12.347999999999999
6732 56 -1.173 12.03
6744 56 -1.173 11.850999999999999
6756 56 -1.173 11.692
6768 57 -1.173 11.533
6780 57 -1.094 11.354000000000001
6792 57 -1.094 11.195
6804 57 -1.094 11.036
6816 57 -1.094 10.877
6828 57 -1.054 10.559000000000001
6840 57 -1.054 10.38
6852 57 -1.054 10.221
6864 57 -1.054 10.062000000000001
6876 57 -1.094 9.883
6888 57 -1.253 9.724
6900 57 -1.4909999999999999 9.406
6912 57 -1.69 9.246
6924 57 -1.849 9.087
6936 57 -2.048 8.749
6948 57 -2.207 8.59
6960 57 -2.426 8.411
6972 57 -2.645 8.093
6984 57 -2.804 7.934
6996 57 -3.162 7.934
7008 58 -3.5989999999999998 7.695
7020 58 -3.957 7.596
7032 58 -4.315 7.437
7044 58 -4.6930000000000005 7.357
7056 58 -5.091 7.119
7068 58 -5.468 6.96
7080 58 -5.846 6.88
7092 58 -6.284 6.622000000000001
7104 58 -6.721 6.462999999999999
7116 58 -7.159 6.125
7116 43 23.125999999999998 8.491
7128 58 -7.516 6.125
7128 43 22.39 8.173
7140 58 -7.954 6.125
7140 43 21.714000000000002 8.014
7152 58 -8.173 6.125
7152 43 21.058000000000003 8.014
7164 58 -8.391 6.125
7164 43 20.402 8.014
7176 43 19.746 8.014
7176 58 -8.63 6.125
7188 43 19.01 8.014
7188 58 -8.829 6.125
7200 43 18.354 8.014
7200 58 -8.988 5.965
7212 47 22.886999999999997 16.922
7212 43 17.698 8.014
7212 58 -9.067 5.965
7224 58 -9.107000000000001 5.965
7224 43 17.041 8.014
7224 47 22.311 16.922
7236 43 16.385 8.014
7236 58 -9.266 5.965
7236 47 21.714000000000002 16.762999999999998
7248 43 15.729000000000001 8.014
7248 59 -9.346 5.965
7248 47 21.217 16.762999999999998
7260 43 15.073 8.014
7260 59 -9.425 5.965
7260 47 20.621 16.762999999999998
7272 59 -9.704 5.806
7272 47 20.123 16.762999999999998
7272 72 12.11 19.625999999999998
7272 43 14.337 8.014
7284 43 13.681 8.014
7284 47 19.527 16.762999999999998
7284 72 11.434000000000001 19.129
7284 59 -10.062000000000001 5.806
7296 47 19.01 16.762999999999998
7296 43 13.005 8.014
7296 72 10.857000000000001 18.811
7296 59 -10.38 5.806
7308 72 10.201 18.314
7308 47 18.572 16.762999999999998
7308 43 12.427999999999999 8.014
7308 59 -10.738 5.806
7320 47 18.215 16.762999999999998
7320 72 9.604 17.996
7320 43 11.772 8.014
7320 59 -11.095999999999998 5.806
7332 59 -11.374 5.806
7332 43 11.116 8.014
7332 47 17.837 16.762999999999998
7332 72 9.027999999999999 17.658
7344 72 8.372 17.160999999999998
7344 52 14.118 23.623
7344 47 17.558 16.762999999999998
7344 59 -11.692 5.806
7344 43 10.459000000000001 8.014
7356 72 7.855 16.683
7356 52 13.600999999999999 23.464000000000002
7356 44 9.802999999999999 8.014
7356 47 17.26 16.922
7356 59 -11.970999999999998 5.806
7368 44 9.067 7.855
7368 52 13.025 23.464000000000002
7368 47 17.121 17.081
7368 59 -12.289000000000001 5.806
7368 72 7.337999999999999 16.345
7380 44 8.332 7.855
7380 52 12.13 23.464000000000002
7380 59 -12.567 5.647
7380 72 6.821000000000001 15.868
7380 47 17.041 17.081
7392 44 7.596 7.695
7392 52 11.334000000000001 23.623
7392 72 6.3229999999999995 15.370999999999999
7392 59 -12.925 5.647
7392 47 16.902 17.24
7404 47 16.902 17.419
7404 59 -13.204 5.4879999999999995
7404 72 5.727 15.052999999999999
7404 44 6.86 7.695
7404 52 10.519 23.623
7416 47 16.902 17.419
7416 72 5.071000000000001 14.874
7416 59 -13.522 5.4879999999999995
7416 44 6.065 7.855
7416 52 9.863 23.464000000000002
7428 44 5.329 8.332
7428 52 9.127 23.305
7428 59 -13.88 5.647
7428 47 16.902 17.419
7428 72 4.355 14.715
7440 59 -14.238 5.647
7440 72 3.679 14.556
7440 52 8.411 23.146
7440 47 16.902 17.419
7440 44 4.752 8.173
7452 59 -14.595 5.806
7452 48 16.902 17.419
7452 52 7.735 22.808000000000003
7452 72 2.963 14.397
7452 44 4.156000000000001 8.014
7464 44 3.5 7.695
7464 52 7.159 22.49
7464 48 16.902 17.419
7464 59 -14.993 5.965
7464 72 2.287 14.218
7476 48 16.902 17.419
7476 44 2.844 7.516
7476 72 1.571 14.059000000000001
7476 59 -15.431 5.965
7476 52 6.502000000000001 22.311
7488 72 0.895 13.9
7488 60 -15.868 6.125
7488 44 2.028 7.516
7488 52 5.985 21.993000000000002
7488 48 16.902 17.419
7500 72 0.239 13.74
7500 28 2.7439999999999998 21.734
7500 60 -16.305999999999997 6.303
7500 48 16.902 17.419
7500 52 5.547999999999999 21.834
7500 44 1.3119999999999998 7.516
7512 52 4.931 21.336
7512 28 2.148 21.098000000000003
7512 44 0.636 7.596
7512 73 -0.597 13.402000000000001
7512 60 -16.783 6.204
7512 48 16.902 17.32
7524 28 1.551 20.601
7524 60 -17.180999999999997 6.125
7524 48 16.942 17.32
7524 73 -1.3719999999999999 13.164000000000001
7524 44 -0.02 7.676
7524 52 4.355 21.018
7536 48 17.002 17.32
7536 28 1.054 19.944000000000003
7536 44 -0.6759999999999999 7.755
7536 52 3.758 20.601
7536 60 -17.618 6.125
7536 73 -2.148 12.825999999999999
7548 60 -18.016 6.045
7548 48 17.041 17.32
7548 73 -2.784 12.745999999999999
7548 44 -1.253 7.835
7548 28 0.457 19.467
7548 52 3.162 20.203
7560 60 -18.453 5.965
7560 52 2.545 19.865
7560 48 17.061 17.399
7560 73 -3.221 12.745999999999999
7560 28 -0.11900000000000001 18.791
7560 44 -1.9880000000000002 7.835
7572 48 17.141 17.399
7572 52 2.008 19.447
7572 44 -2.7239999999999998 8.014
7572 60 -18.871 5.965
7572 28 -0.636 18.314
7572 73 -3.818 12.745999999999999
7584 28 -1.2329999999999999 17.837
7584 60 -19.288 5.886
7584 53 1.3719999999999999 19.05
7584 48 17.180999999999997 17.32
7584 44 -3.42 8.193
7584 73 -4.414 12.587
7596 73 -5.21 12.269
7596 60 -19.726 5.965
7596 53 0.795 18.652
7596 28 -1.81 17.160999999999998
7596 45 -4.0760000000000005 8.352
7596 48 17.180999999999997 17.32
7596 77 -27.023000000000003 15.052999999999999
7608 73 -5.806 12.11
7608 28 -2.307 16.683
7608 45 -4.772 8.431000000000001
7608 77 -26.427 14.894
7608 53 0.19899999999999998 18.314
7608 60 -20.104 5.965
7608 48 17.26 17.399
7620 45 -5.428999999999999 8.511000000000001
7620 73 -6.3629999999999995 12.11
7620 77 -25.93 14.894
7620 53 -0.37799999999999995 17.896
7620 60 -20.541 5.806
7620 48 17.3 17.399
7620 28 -2.903 16.027
7632 60 -20.76 5.647
7632 77 -25.413 14.735
7632 48 17.34 17.399
7632 73 -7.119 11.613
7632 28 -3.5 15.689
7632 53 -0.9940000000000001 17.499000000000002
7632 45 -6.085 8.67
7644 53 -1.551 17.180999999999997
7644 77 -24.816 14.536
7644 73 -7.755 11.613
7644 48 17.399 17.399
7644 45 -6.761 8.749
7644 28 -4.0760000000000005 15.212
7644 60 -20.979 5.647
7656 77 -24.319000000000003 14.377
7656 48 17.439 17.499000000000002
7656 45 -7.437 8.829
7656 53 -2.167 16.683
7656 28 -4.574 14.894
7656 73 -8.511000000000001 11.613
7656 60 -21.276999999999997 5.647
7668 77 -23.723000000000003 14.218
7668 28 -5.17 14.377
7668 73 -9.147 11.434000000000001
7668 60 -21.555 5.647
7668 53 -2.7439999999999998 16.345
7668 45 -8.093 8.908
7668 48 17.479 17.419
7680 53 -3.301 16.027
7680 48 17.519000000000002 17.419
7680 77 -23.206 14.218
7680 60 -21.853 5.647
7680 73 -9.823 11.434000000000001
7680 45 -8.789 9.067
7680 28 -5.767 13.9
7692 45 -9.445 9.227
7692 49 17.558 17.419
7692 53 -3.957 15.709000000000001
7692 60 -22.230999999999998 5.806
7692 77 -22.629 14.059000000000001
7692 28 -6.343 13.581
7692 73 -10.479000000000001 11.275
7704 46 23.125999999999998 15.033
7704 77 -22.112 13.9
7704 45 -10.121 9.227
7704 60 -22.51 5.806
7704 28 -6.999 13.422
7704 73 -11.215 11.275
7704 49 17.598 17.499000000000002
7704 53 -4.613 15.370999999999999
7716 49 17.678 17.499000000000002
7716 77 -21.595 13.74
7716 28 -7.656000000000001 13.243
7716 45 -10.837 9.386000000000001
7716 46 22.609 15.033
7716 60 -22.808000000000003 5.806
7716 73 -11.870999999999999 11.275
7716 53 -5.21 15.033
7728 49 17.698 17.499000000000002
7728 77 -21.018 13.74
7728 28 -8.312000000000001 13.084000000000001
7728 73 -12.607000000000001 11.275
7728 53 -5.8660000000000005 14.874
7728 45 -11.573 9.584
7728 61 -23.105999999999998 5.806
7728 46 22.171999999999997 15.370999999999999
7740 49 17.737000000000002 17.499000000000002
7740 61 -23.385 5.806
7740 73 -13.323 11.275
7740 45 -12.309000000000001 9.584
7740 53 -6.522 14.556
7740 29 -8.988 12.745999999999999
7740 77 -20.500999999999998 13.581
7740 46 21.734 15.53
7752 49 17.797 17.578
7752 74 -14.078 11.434000000000001
7752 29 -9.624 12.587
7752 46 21.355999999999998 15.709000000000001
7752 61 -23.683000000000003 5.965
7752 53 -7.119 14.238
7752 77 -19.925 13.422
7752 45 -13.025 9.744
7764 45 -13.78 9.902999999999999
7764 61 -23.901999999999997 5.965
7764 46 20.919 15.868
7764 77 -19.408 13.343
7764 74 -14.794 11.434000000000001
7764 53 -7.775 13.9
7764 49 17.797 17.578
7764 29 -10.3 12.427999999999999
7776 74 -15.59 11.613
7776 46 20.480999999999998 16.027
7776 45 -14.495999999999999 9.902999999999999
7776 53 -8.431000000000001 13.74
7776 61 -24.12 5.965
7776 77 -18.831 13.343
7776 29 -10.957 12.269
7776 49 17.797 17.578
7788 46 20.104 16.186
7788 61 -24.339000000000002 5.965
7788 53 -9.167 13.561
7788 29 -11.772 12.11
7788 49 17.797 17.737000000000002
7788 77 -18.234 13.343
7788 45 -15.232000000000001 10.062000000000001
7788 74 -16.345 11.613
7800 29 -12.647 11.950999999999999
7800 61 -24.636999999999997 5.965
7800 45 -15.968 10.221
7800 46 19.825 16.186
7800 49 17.875999999999998 17.737000000000002
7800 53 -9.823 13.561
7800 74 -17.061 11.772
7800 77 -17.658 13.343
7812 46 19.527 16.186
7812 49 17.875999999999998 17.896
7812 53 -10.559000000000001 13.402000000000001
7812 61 -24.855999999999998 5.965
7812 29 -13.442 11.772
7812 45 -16.683 10.221
7812 74 -17.857 11.950999999999999
7812 77 -17.061 13.343
7824 29 -14.317 11.772
7824 61 -25.075 5.965
7824 74 -18.612000000000002 11.950999999999999
7824 54 -11.215 13.243
7824 46 19.308 16.186
7824 45 -17.439 10.38
7824 77 -16.485 13.422
7824 49 17.875999999999998 17.896
7836 54 -11.950999999999999 13.084000000000001
7836 29 -15.192 11.613
7836 78 -15.888 13.422
7836 61 -25.294 5.965
7836 46 19.03 16.186
7836 74 -19.328 12.11
7836 49 17.956 18.075
7848 54 -12.607000000000001 13.084000000000001
7848 78 -15.311 13.422
7848 46 18.791 16.186
7848 49 17.956 18.075
7848 29 -16.007 11.434000000000001
7848 61 -25.511999999999997 5.965
7848 74 -20.064 12.11
7860 46 18.512999999999998 16.186
7860 61 -25.811 5.965
7860 74 -20.8 12.269
7860 78 -14.715 13.422
7860 54 -13.323 12.925
7860 49 17.956 18.075
7860 29 -16.882 11.275
7872 49 17.956 18.075
7872 54 -14.059000000000001 12.765999999999998
7872 74 -21.595 12.427999999999999
7872 29 -17.698 11.275
7872 46 18.274 16.345
7872 78 -14.138 13.502
7872 61 -26.029 5.965
7884 54 -14.715 12.587
7884 74 -22.351 12.587
7884 46 18.135 16.504
7884 61 -26.248 6.125
7884 49 17.956 18.075
7884 29 -18.493 11.116
7884 78 -13.561 13.502
7896 54 -15.450999999999999 12.587
7896 46 18.075 16.683
7896 29 -19.288 11.116
7896 74 -23.066 12.587
7896 78 -12.965 13.502
7896 49 17.956 18.075
7896 61 -26.467 6.125
7908 29 -20.024 11.116
7908 54 -16.107 12.427999999999999
7908 74 -23.781999999999996 12.745999999999999
7908 61 -26.765 5.965
7908 46 17.916 16.842
7908 49 17.956 18.075
7908 78 -12.388 13.502
7920 54 -16.842 12.269
7920 78 -11.772 13.581
7920 46 17.837 17.002
7920 61 -26.984 5.806
7920 49 17.956 18.075
7920 74 -24.538 12.905
7920 29 -20.839000000000002 11.116
7932 46 17.837 17.002
7932 78 -11.255 13.402000000000001
7932 61 -27.123 5.4879999999999995
7932 29 -21.555 11.116
7932 54 -17.499000000000002 12.09
7932 50 17.956 18.075
7932 74 -25.254 12.905
7944 78 -10.658 13.402000000000001
7944 74 -25.93 12.745999999999999
7944 61 -27.342 5.15
7944 50 17.956 18.075
7944 29 -22.37 11.116
7944 54 -18.234 12.09
7956 74 -26.546 12.587
7956 50 17.956 18.075
7956 29 -23.186 11.116
7956 61 -27.56 4.9910000000000005
7956 54 -18.891 11.931
7956 78 -10.082 13.243
7968 29 -23.901999999999997 11.116
7968 50 17.956 18.075
7968 54 -19.625999999999998 11.931
7968 74 -27.163 12.347999999999999
7968 78 -9.485 13.243
7980 74 -27.575 12.38
7980 50 17.956 18.075
7980 54 -20.283 11.931
7980 78 -8.908 13.084000000000001
7992 78 -8.391 13.084000000000001
7992 50 17.956 18.075
7992 54 -20.939 11.931
7992 75 -27.561999999999998 12.457
8004 75 -27.548000000000002 12.533
8004 50 17.916 17.996
8004 54 -21.674 11.850999999999999
8004 78 -7.795 13.005
8016 75 -27.535 12.61
8016 78 -7.159 13.084000000000001
8016 50 17.916 17.996
8016 54 -22.331 11.772
8028 54 -23.026999999999997 11.772
8028 50 17.916 17.996
8028 75 -27.521 12.686
8028 78 -6.562 13.005
8040 78 -5.946000000000001 13.084000000000001
8040 54 -23.683000000000003 11.692
8040 50 17.916 17.996
8040 75 -27.508000000000003 12.762
8052 54 -24.419 11.613
8052 78 -5.289 13.005
8052 50 17.916 17.996
8052 75 -27.495 12.839
8064 75 -27.482 12.915
8064 78 -4.613 13.005
8064 50 17.875999999999998 17.996
8076 75 -27.469 12.992
8076 50 17.916 17.996
8076 79 -3.957 13.005
8088 50 17.916 17.996
8088 79 -3.38 12.845999999999998
8088 75 -27.455 13.068
8100 50 17.916 17.996
8100 75 -27.441999999999997 13.145
8100 79 -2.943 12.845999999999998
8112 50 17.875999999999998 17.996
8112 75 -27.428 13.220999999999998
8112 79 -2.505 12.845999999999998
8124 50 17.875999999999998 17.996
8124 79 -2.068 12.845999999999998
8124 75 -27.415 13.297
8136 50 17.875999999999998 17.996
8136 79 -1.412 12.845999999999998
8136 75 -27.401999999999997 13.374
8148 50 17.875999999999998 17.996
8148 75 -27.389 13.450999999999999
8148 79 -0.6759999999999999 12.845999999999998
8160 79 -0.159 12.845999999999998
8160 75 -27.375 13.527000000000001
8160 50 17.875999999999998 17.996
8172 79 0.358 12.845999999999998
8172 51 17.875999999999998 17.996
8172 75 -27.362 13.603
8184 79 1.014 12.845999999999998
8184 51 17.875999999999998 17.996
8184 75 -27.349 13.68
8196 75 -27.335 13.755999999999998
8196 79 1.81 12.845999999999998
8196 51 17.875999999999998 17.996
8208 75 -27.322 13.833
8208 79 2.406 12.687000000000001
8208 51 17.875999999999998 17.996
8220 79 2.983 12.687000000000001
8220 51 17.857 17.996
8220 75 -27.309 13.909
8232 79 3.5789999999999997 12.527000000000001
8232 51 17.896 17.996
8232 76 -27.296 13.985
8244 79 4.096 12.527000000000001
8244 51 17.896 17.996
8244 76 -27.281999999999996 14.062000000000001
8256 76 -27.269000000000002 14.139000000000001
8256 79 4.673 12.527000000000001
8256 51 17.896 17.996
8268 76 -27.256 14.215
8268 51 17.857 17.996
8268 79 5.25 12.329
8280 51 17.857 17.996
8280 76 -27.241999999999997 14.290999999999999
8280 79 5.767 12.329
8292 51 17.857 17.996
8292 76 -27.229 14.368
8292 79 6.3629999999999995 12.17
8304 51 17.875999999999998 17.996
8304 76 -27.215999999999998 14.444
8304 79 6.86 12.01
8316 51 17.875999999999998 17.996
8316 80 7.457000000000001 11.692
8316 76 -27.201999999999998 14.520999999999999
8328 76 -27.189 14.597000000000001
8328 80 7.974 11.533
8328 51 17.837 17.996
8340 80 8.471 11.374
8340 51 17.837 17.996
8340 76 -26.625999999999998 14.475999999999999
8352 76 -25.433000000000003 14.475999999999999
8352 80 9.067 11.215
8352 51 17.837 17.996
8364 76 -24.2 14.475999999999999
8364 80 9.584 10.857000000000001
8364 51 17.837 17.996
8376 76 -23.046999999999997 14.475999999999999
8376 80 10.082 10.698
8376 51 17.797 17.996
8388 80 10.677999999999999 10.539000000000001
8388 51 17.837 17.996
8388 76 -21.774 14.475999999999999
8400 51 17.837 17.996
8400 76 -20.621 14.317
8400 80 11.175 10.38
8412 76 -19.387999999999998 14.317
8412 80 11.692 10.221
8424 76 -18.195 14.317
8424 80 12.289000000000001 10.062000000000001
8436 76 -16.962 14.317
8436 80 12.786 9.902999999999999
8448 80 13.382 9.744
8448 76 -15.769 13.979000000000001
8460 76 -14.615 13.482000000000001
8460 80 13.9 9.744
8472 80 14.475999999999999 9.584
8484 80 15.073 9.584
8496 82 -7.835 27.123
8496 81 -6.721 25.333000000000002
8496 84 0.298 24.279
8496 80 15.649000000000001 9.584
8508 80 16.127 9.485
8508 81 -7.636 24.936
8508 82 -7.556 26.228
8508 84 -0.37799999999999995 24.279
8520 84 -1.034 24.279
8520 81 -8.471 24.836
8520 82 -7.039 26.069000000000003
8520 80 16.644000000000002 9.485
8532 80 17.121 9.565
8532 81 -9.346 24.756999999999998
8532 84 -1.71 24.438000000000002
8532 82 -6.602 25.750999999999998
8544 84 -2.346 24.438000000000002
8544 82 -6.085 25.671
8544 81 -10.062000000000001 24.756999999999998
8544 80 17.578 9.485
8556 81 -10.658 24.756999999999998
8556 84 -3.022 24.598000000000003
8556 82 -5.568 25.671
8568 82 -5.091 25.671
8568 81 -11.255 24.756999999999998
8568 84 -3.659 24.598000000000003
8580 84 -4.335 24.756999999999998
8580 82 -4.593 25.671
8580 81 -11.831 24.756999999999998
8592 82 -4.0760000000000005 25.671
8592 84 -4.9910000000000005 24.756999999999998
8592 81 -12.408 24.936
8604 81 -13.005 24.936
8604 82 -3.5589999999999997 25.592
8604 84 -5.568 24.936
8616 81 -13.600999999999999 24.936
8616 82 -2.903 25.592
8616 84 -6.244 24.936
8628 82 -2.247 25.592
8628 81 -14.158 24.936
8628 84 -6.88 25.115
8640 82 -1.591 25.592
8640 81 -14.755 25.115
8640 84 -7.556 25.115
8652 84 -8.212 25.115
8652 81 -15.350999999999999 25.115
8652 82 -0.935 25.592
8664 82 -0.278 25.433000000000003
8664 81 -15.948 25.115
8664 84 -8.869 25.115
8676 82 0.39799999999999996 25.433000000000003
8676 84 -9.525 25.115
8676 81 -16.504 25.115
8688 81 -17.101 25.274
8688 82 1.054 25.433000000000003
8688 84 -10.181000000000001 25.115
8700 82 1.71 25.433000000000003
8700 84 -10.857000000000001 25.115
8700 81 -17.698 25.274
8712 82 2.366 25.433000000000003
8712 84 -11.573 25.115
8712 81 -18.254 25.274
8724 81 -18.851 25.274
8724 82 3.022 25.274
8724 84 -12.249 25.115
8736 83 3.679 25.274
8736 85 -12.885 24.936
8748 85 -13.561 24.936
8748 83 4.335 25.274
8760 85 -14.198 24.936
8760 83 5.011 25.274
8772 85 -14.874 24.936
8772 83 5.667000000000001 25.274
8784 83 6.3229999999999995 25.115
8784 85 -15.53 24.936
8796 83 6.98 25.115
8796 85 -16.186 24.936
8808 83 7.636 25.115
8808 85 -16.842 24.936
8820 83 8.292 25.115
8820 85 -17.499000000000002 24.756999999999998
8832 85 -18.234 24.756999999999998
8832 83 8.948 25.115
8844 83 9.604 25.115
8844 85 -18.891 24.756999999999998
8856 85 -19.567 24.756999999999998
8856 83 10.261 25.115
8868 83 10.995999999999999 25.115
8868 85 -20.203 24.756999999999998
8880 83 11.593 25.274
8880 85 -20.879 24.756999999999998
8892 83 11.950999999999999 25.274
8892 85 -21.515 24.756999999999998
8904 83 12.329 25.274
8904 85 -22.191 24.756999999999998
8916 83 12.765999999999998 25.274
8916 85 -22.848000000000003 24.756999999999998
8928 83 13.124 25.274
8928 85 -23.504 24.936
8940 83 13.561 25.433000000000003
8940 85 -24.1 24.936
8952 83 13.919 25.433000000000003
8952 85 -24.737 25.115
8964 83 14.297 25.433000000000003
8964 85 -25.413 25.115
