444 48 10.038 53.641999999999996
444 27 8.957 -17.561
444 50 11.097000000000001 39.556
444 53 26.031999999999996 4.2139999999999995
444 92 24.488000000000003 11.140999999999998
444 59 18.84 -15.112
444 55 -7.632999999999999 25.171999999999997
444 57 -8.119 32.452
456 27 8.957 -17.561
456 55 -7.632999999999999 25.9
456 57 -8.03 32.827
456 92 25.018 11.317
456 48 10.029 52.895
456 50 11.097000000000001 39.556
456 59 17.914 -15.112
456 53 26.031999999999996 4.2139999999999995
468 27 8.957 -17.561
468 57 -7.942 33.357
468 53 26.209 4.5889999999999995
468 92 25.635 11.494000000000002
468 59 16.987000000000002 -15.112
468 50 11.097000000000001 39.379
468 48 10.02 52.148
468 55 -7.632999999999999 26.253
480 27 8.957 -15.927999999999999
492 27 9.045 -13.899000000000001
504 95 1.037 40.571
504 10 0.728 33.555
504 97 29.871 8.758
504 37 30.576999999999998 8.119
504 99 31.061999999999998 8.119
504 28 9.045 -13.457
516 28 9.045 -12.927999999999999
516 97 29.871 8.758
516 37 30.576999999999998 8.119
516 99 31.061999999999998 8.119
516 95 1.037 40.571
516 10 0.905 33.555
528 28 9.045 -12.265999999999998
528 95 1.037 40.747
528 37 30.576999999999998 8.119
528 99 31.061999999999998 8.119
528 10 0.993 33.555
528 97 29.871 8.758
540 97 29.871 8.758
540 95 1.037 40.924
540 10 1.169 33.555
540 37 30.576999999999998 8.119
540 28 9.089 -11.825
540 99 31.061999999999998 8.119
552 10 1.2570000000000001 33.555
552 37 30.576999999999998 8.119
552 28 9.133 -11.273
552 99 31.061999999999998 8.119
552 95 1.037 40.924
552 97 29.871 8.869
564 37 30.576999999999998 8.119
564 28 9.133 -10.634
564 97 29.871 8.957
564 99 31.061999999999998 8.119
564 10 1.4340000000000002 33.555
564 95 1.037 41.1
564 89 -4.015 36.644
576 95 1.037 41.277
576 37 30.576999999999998 8.119
576 97 29.871 8.957
576 89 -3.839 37.637
576 10 1.5 33.555
576 99 31.061999999999998 8.119
576 28 9.177999999999999 -10.17
588 97 29.871 8.957
588 99 31.061999999999998 8.119
588 95 1.037 41.277
588 10 1.6769999999999998 33.555
588 89 -3.75 38.74
588 37 30.576999999999998 8.119
588 28 9.177999999999999 -9.552999999999999
600 89 -3.397 39.115
600 95 0.993 41.277
600 28 9.222000000000001 -8.979
600 99 31.061999999999998 8.119
600 97 29.871 8.957
600 37 30.576999999999998 8.119
600 10 1.765 33.555
612 89 -3.0439999999999996 39.468
612 95 0.905 41.18899999999999
612 97 29.871 9.045
612 99 31.061999999999998 8.119
612 37 30.576999999999998 8.119
612 10 1.9409999999999998 33.555
612 28 9.266 -8.449
624 28 9.266 -7.92
624 99 31.061999999999998 8.119
624 97 29.871 9.133
624 95 0.993 41.56399999999999
624 10 2.03 33.555
624 37 30.576999999999998 8.119
624 89 -2.78 40.019
636 99 31.061999999999998 8.119
636 97 29.871 9.133
636 10 2.206 33.555
636 37 30.576999999999998 8.119
636 89 -2.515 40.571
636 28 9.266 -7.346
636 90 -3.883 36.203
636 95 1.169 41.93899999999999
648 96 19.855 23.429000000000002
648 28 9.354 -6.905
648 95 1.324 42.292
648 10 2.294 33.555
648 90 -3.795 36.556
648 99 31.061999999999998 8.119
648 89 -2.25 41.1
648 37 30.576999999999998 8.119
648 97 29.871 9.133
660 96 20.032 22.525
660 90 -3.6180000000000003 37.173
660 97 29.871 9.222000000000001
660 89 -2.162 41.475
660 99 31.061999999999998 8.119
660 10 2.471 33.555
660 95 1.412 42.843
660 37 30.576999999999998 8.119
660 28 9.354 -6.354
672 99 31.061999999999998 8.119
672 89 -2.162 41.828
672 90 -3.53 38.188
672 96 20.296 21.796999999999997
672 10 2.559 33.555
672 95 1.588 43.196000000000005
672 37 30.576999999999998 8.119
672 28 9.354 -5.979
672 97 29.871 9.222000000000001
684 37 30.576999999999998 8.119
684 89 -2.162 42.203
684 90 -3.4419999999999997 39.115
684 99 31.061999999999998 8.119
684 28 9.354 -5.537000000000001
684 95 1.8530000000000002 43.748000000000005
684 10 2.736 33.555
684 96 20.539 21.156999999999996
684 97 29.871 9.222000000000001
696 97 29.871 9.31
696 99 31.061999999999998 8.119
696 96 20.804000000000002 20.517
696 10 2.736 33.555
696 28 9.354 -5.096
696 89 -2.162 42.931000000000004
696 37 30.576999999999998 8.119
696 90 -3.0 39.468
696 95 2.1180000000000003 44.18899999999999
708 37 30.576999999999998 8.119
708 89 -2.162 44.387
708 90 -2.383 39.468
708 10 2.647 33.732
708 28 9.354 -4.611000000000001
708 99 31.061999999999998 8.119
708 97 29.871 9.398
708 95 2.383 44.762
708 96 21.069000000000003 19.877
720 90 -2.206 40.196
720 96 21.245 19.237000000000002
720 97 29.871 9.398
720 37 30.576999999999998 8.119
720 10 2.559 33.908
720 89 -2.162 44.93899999999999
720 95 2.6910000000000003 45.38
720 99 31.061999999999998 8.119
720 28 9.354 -4.17
732 10 2.471 34.085
732 37 30.576999999999998 8.119
732 89 -2.162 45.292
732 97 29.871 9.398
732 95 2.78 46.13
732 28 9.354 -3.7060000000000004
732 90 -2.206 41.475
732 96 21.51 18.598
732 99 31.061999999999998 8.119
744 29 9.354 -3.155
744 96 21.775 17.892
744 11 2.383 34.260999999999996
744 38 30.576999999999998 8.119
744 100 31.061999999999998 8.119
744 98 29.871 9.398
744 89 -2.162 45.667
744 90 -2.074 42.38
756 100 31.061999999999998 8.119
756 38 30.576999999999998 8.119
756 89 -2.25 46.218999999999994
756 11 2.294 34.46
756 98 29.871 9.508
756 90 -1.8090000000000002 43.108000000000004
756 96 22.039 17.34
756 29 9.442 -2.802
768 98 29.871 9.597000000000001
768 11 2.206 34.658
768 89 -2.25 46.571000000000005
768 29 9.53 -2.25
768 38 30.576999999999998 8.119
768 96 22.304000000000002 16.612000000000002
768 100 31.061999999999998 8.119
768 90 -1.633 43.483000000000004
780 29 9.619 -1.699
780 96 22.590999999999998 15.95
780 90 -1.633 43.483000000000004
780 89 -2.25 46.946999999999996
780 100 31.061999999999998 8.119
780 11 2.1180000000000003 34.835
780 98 29.871 9.597000000000001
780 38 30.576999999999998 8.119
792 29 9.707 -1.169
792 100 31.061999999999998 8.119
792 38 30.576999999999998 8.119
792 98 29.871 9.597000000000001
792 11 2.03 35.010999999999996
792 90 -1.633 43.483000000000004
792 89 -2.25 47.3
792 96 22.9 15.333
804 29 9.773 -0.618
804 98 29.871 9.597000000000001
804 11 1.9409999999999998 35.188
804 38 30.576999999999998 8.119
804 90 -1.456 43.748000000000005
804 100 31.061999999999998 8.119
804 96 23.209 14.605
816 90 -1.456 43.748000000000005
816 38 30.576999999999998 8.119
816 96 23.517 13.965
816 29 9.861 -0.243
816 11 1.8530000000000002 35.364000000000004
816 98 29.871 9.773
816 100 31.061999999999998 8.119
828 90 -1.456 43.748000000000005
828 11 1.765 35.541
828 5 20.142 23.142
828 29 9.861 0.287
828 100 31.061999999999998 8.119
828 98 29.959 10.126
828 96 23.826 13.237
828 38 30.576999999999998 8.119
840 96 24.267 12.332
840 100 31.061999999999998 8.119
840 5 20.317999999999998 22.26
840 90 -1.456 43.748000000000005
840 29 10.038 0.86
840 98 29.959 10.501
840 38 30.576999999999998 8.119
840 11 1.6769999999999998 35.916
852 38 30.576999999999998 8.119
852 98 30.048000000000002 10.854000000000001
852 90 -1.456 43.748000000000005
852 96 24.62 11.405999999999999
852 11 1.2570000000000001 36.291
852 21 30.754 13.413
852 100 31.061999999999998 8.119
852 29 10.126 1.213
852 5 20.539 21.796999999999997
864 21 30.489 13.237
864 98 30.136 11.229000000000001
864 90 -1.235 44.476000000000006
864 96 25.061999999999998 10.501
864 11 0.905 36.644
864 100 31.061999999999998 8.119
864 5 20.804000000000002 21.333000000000002
864 29 10.214 1.743
864 38 30.576999999999998 8.119
876 96 25.503 9.597000000000001
876 98 30.224 11.604000000000001
876 21 29.959 13.413
876 38 30.576999999999998 8.119
876 5 21.069000000000003 20.98
876 100 31.061999999999998 8.119
876 29 10.302999999999999 2.316
876 11 0.552 37.085
888 11 0.11 37.46
888 29 10.479000000000001 2.6689999999999996
888 100 31.061999999999998 8.119
888 21 29.43 13.59
888 38 30.576999999999998 8.119
888 98 30.224 11.957
888 5 21.333000000000002 20.517
900 21 28.9 13.59
900 98 30.445 12.862
900 11 0.022000000000000002 38.012
900 19 9.95 61.132
900 38 30.576999999999998 8.119
900 29 10.567 3.199
900 5 21.598000000000003 20.076
900 100 31.061999999999998 8.119
912 38 30.576999999999998 8.119
912 29 10.655999999999999 3.772
912 98 30.621 13.413
912 21 28.503 13.237
912 5 21.819000000000003 19.613
912 19 9.95 60.778999999999996
912 11 -0.154 38.563
912 100 31.061999999999998 8.119
924 100 31.061999999999998 8.119
924 21 28.15 12.884
924 19 10.038 60.603
924 5 22.083000000000002 19.237000000000002
924 98 30.798000000000002 13.788
924 29 10.832 4.125
924 38 30.576999999999998 8.119
924 11 -0.243 39.291
936 5 22.436 18.509
936 38 30.576999999999998 8.119
936 43 24.488000000000003 4.942
936 19 10.126 60.426
936 11 -0.331 39.821
936 98 30.886 14.318
936 29 10.92 4.655
936 100 31.061999999999998 8.119
936 21 27.488000000000003 12.884
948 43 24.046999999999997 5.405
948 11 -0.419 40.394
948 29 11.009 5.229
948 19 10.214 60.25
948 21 27.003 13.237
948 38 30.576999999999998 8.119
948 98 31.105999999999998 14.869000000000002
948 100 31.061999999999998 8.119
948 5 22.767 17.781
960 19 10.302999999999999 59.676
960 38 30.576999999999998 8.119
960 17 -0.596 -22.105
960 43 23.605999999999998 5.757999999999999
960 29 11.185 5.757999999999999
960 98 31.151 15.244000000000002
960 100 31.061999999999998 8.119
960 21 26.385 12.487
960 11 -0.507 41.1
960 5 23.12 17.252
972 19 10.390999999999998 59.146
972 21 25.768 12.487
972 98 31.151 15.597000000000001
972 29 11.273 6.111000000000001
972 43 23.076 6.111000000000001
972 17 -1.1909999999999998 -22.105
972 5 23.473000000000003 16.502
972 38 30.576999999999998 8.119
972 100 31.061999999999998 8.119
972 11 -0.507 41.652
984 17 -1.633 -22.105
984 19 10.479000000000001 58.595
984 12 -0.507 42.203
984 30 11.45 6.507999999999999
984 43 22.723000000000003 6.507999999999999
984 39 30.576999999999998 8.119
984 5 23.738000000000003 15.972000000000001
984 21 25.15 12.31
996 39 30.576999999999998 8.119
996 15 29.209 25.679000000000002
996 17 -1.986 -22.105
996 8 18.179000000000002 5.757999999999999
996 5 24.003 15.421
996 43 22.569000000000003 6.507999999999999
996 12 -0.507 42.733000000000004
996 21 24.62 12.685
996 30 11.626 7.037999999999999
996 13 28.636 19.789
996 19 10.479000000000001 58.043
1008 39 30.533 8.119
1008 15 28.326999999999998 24.796999999999997
1008 17 -2.1180000000000003 -21.840999999999998
1008 13 26.959 19.789
1008 5 24.267 14.693
1008 8 18.179000000000002 5.757999999999999
1008 30 12.001 7.854
1008 19 10.523 57.051
1008 43 22.436 6.398
1008 12 -0.419 43.395
1008 21 24.046999999999997 12.575
1020 39 30.533 8.119
1020 43 22.304000000000002 6.486000000000001
1020 13 25.546999999999997 19.789
1020 17 -2.162 -21.465999999999998
1020 8 18.179000000000002 5.757999999999999
1020 30 12.354000000000001 8.405
1020 21 23.517 12.487
1020 19 10.612 55.97
1020 12 -0.331 43.748000000000005
1020 15 27.621 24.796999999999997
1020 5 24.576 14.052999999999999
1032 39 30.533 8.119
1032 17 -2.294 -21.201
1032 12 -0.243 44.211000000000006
1032 21 22.988000000000003 12.222000000000001
1032 15 26.915 24.796999999999997
1032 30 12.707 8.869
1032 13 24.223000000000003 19.988
1032 8 18.179000000000002 5.757999999999999
1032 43 22.171999999999997 6.574
1032 19 10.655999999999999 54.867
1032 5 24.885 13.413
1044 12 -0.154 44.652
1044 13 22.811 19.988
1044 15 26.209 24.796999999999997
1044 17 -2.383 -20.914
1044 8 18.179000000000002 5.757999999999999
1044 30 13.06 9.31
1044 21 22.458000000000002 12.045
1044 19 10.7 53.763000000000005
1044 43 22.039 6.574
1044 5 25.194000000000003 12.796
1044 39 30.533 8.119
1056 21 22.017 11.957
1056 19 10.788 52.771
1056 12 -0.066 45.115
1056 39 30.533 8.119
1056 5 25.590999999999998 12.222000000000001
1056 17 -2.427 -20.473
1056 43 21.951 6.751
1056 30 13.457 9.861
1056 13 21.51 20.164
1056 15 25.590999999999998 24.796999999999997
1056 8 18.179000000000002 5.757999999999999
1068 30 13.722000000000001 10.236
1068 39 30.533 8.119
1068 21 21.333000000000002 11.957
1068 19 10.788 52.396
1068 12 0.022000000000000002 45.843
1068 13 20.296 20.517
1068 6 25.768 11.317
1068 17 -2.8680000000000003 -20.473
1068 15 24.179000000000002 24.796999999999997
1068 43 21.775 7.126
1068 8 18.179000000000002 5.757999999999999
1080 8 18.179000000000002 5.757999999999999
1080 19 10.788 52.043
1080 6 26.031999999999996 10.413
1080 39 30.533 8.119
1080 30 14.075 10.589
1080 43 21.598000000000003 7.501
1080 15 22.855999999999998 24.796999999999997
1080 21 20.738000000000003 12.134
1080 13 19.061 20.892
1080 12 0.11 46.77
1080 17 -3.3089999999999997 -20.473
1092 39 30.533 8.119
1092 13 17.826 21.245
1092 6 26.209 9.861
1092 22 20.473 11.957
1092 8 18.179000000000002 5.757999999999999
1092 15 21.465999999999998 24.796999999999997
1092 30 14.34 10.942
1092 43 20.892 7.6770000000000005
1092 17 -3.662 -20.473
1092 19 10.788 51.668
1092 12 0.11 48.05
1104 13 16.59 21.62
1104 22 20.208 11.780999999999999
1104 19 10.788 51.315
1104 6 26.385 9.31
1104 17 -4.103 -20.296
1104 12 0.11 49.108999999999995
1104 8 18.179000000000002 5.757999999999999
1104 15 20.164 24.796999999999997
1104 43 20.208 8.03
1104 30 14.693 11.34
1104 39 30.533 8.119
1116 8 18.179000000000002 5.757999999999999
1116 19 10.788 50.763000000000005
1116 17 -4.456 -20.296
1116 22 19.942999999999998 11.582
1116 15 18.84 24.796999999999997
1116 39 30.533 8.119
1116 30 15.046 11.693
1116 12 0.11 50.035
1116 6 26.65 8.957
1116 13 15.443 21.973000000000003
1116 43 19.59 8.405
1128 13 14.384 22.348000000000003
1128 17 -4.809 -20.296
1128 6 26.826999999999998 8.405
1128 8 18.179000000000002 5.757999999999999
1128 19 10.788 50.211999999999996
1128 15 17.428 24.796999999999997
1128 22 19.679000000000002 11.582
1128 30 15.311 12.045
1128 39 30.533 8.119
1128 43 18.885 8.604
1128 12 0.11 50.961999999999996
1140 12 0.11 51.843999999999994
1140 17 -5.162000000000001 -20.296
1140 30 15.664000000000001 12.398
1140 39 30.533 8.119
1140 20 10.788 49.681999999999995
1140 13 13.325 22.9
1140 15 16.105 24.796999999999997
1140 22 19.414 11.405999999999999
1140 8 18.179000000000002 5.757999999999999
1140 6 27.090999999999998 8.03
1140 43 18.179000000000002 8.957
1152 13 12.265999999999998 23.804000000000002
1152 43 17.561 9.31
1152 15 15.311 25.15
1152 6 27.268 7.501
1152 30 16.017 12.796
1152 8 18.179000000000002 5.757999999999999
1152 12 0.11 52.418
1152 20 10.788 49.131
1152 39 30.533 8.119
1152 22 19.149 11.229000000000001
1152 17 -5.692 -20.473
1164 17 -6.398 -20.473
1164 20 10.788 48.57899999999999
1164 30 16.281 13.149000000000001
1164 39 30.533 8.119
1164 15 14.252 25.348000000000003
1164 43 16.855 9.486
1164 22 18.885 11.229000000000001
1164 12 0.11 52.593999999999994
1164 8 18.179000000000002 5.757999999999999
1164 13 11.229000000000001 24.179000000000002
1164 6 27.224 7.3020000000000005
1176 15 12.927999999999999 25.546999999999997
1176 20 10.788 48.028
1176 22 18.267 10.876
1176 6 27.488000000000003 6.398
1176 44 16.502 9.133
1176 8 18.179000000000002 5.757999999999999
1176 30 16.634 13.502
1176 39 30.533 8.119
1176 13 10.347000000000001 24.355999999999998
1176 17 -7.104 -20.649
1176 12 0.11 52.946999999999996
1188 44 16.061 8.78
1188 39 30.489 8.207
1188 22 17.649 10.677999999999999
1188 6 27.576999999999998 5.935
1188 8 18.179000000000002 5.757999999999999
1188 12 0.11 53.3
1188 13 9.486 24.709
1188 30 16.899 13.855
1188 20 10.788 47.675
1188 15 11.780999999999999 25.9
1188 17 -7.721 -20.649
1200 18 -8.251 -20.649
1200 22 17.12 10.501
1200 20 10.788 47.123000000000005
1200 39 30.489 8.207
1200 12 0.11 53.696999999999996
1200 44 15.708 8.405
1200 30 17.252 14.252
1200 13 8.692 25.635
1200 15 10.92 26.628
1200 8 18.179000000000002 5.757999999999999
1200 6 27.576999999999998 5.67
1212 18 -8.78 -20.649
1212 30 17.605 14.427999999999999
1212 13 7.898 26.340999999999998
1212 22 16.502 10.501
1212 6 27.576999999999998 5.405
1212 39 30.489 8.207
1212 12 0.11 54.05
1212 15 10.038 27.355999999999998
1212 20 10.788 46.748000000000005
1212 8 18.179000000000002 5.757999999999999
1212 44 15.355 8.03
1224 15 9.177999999999999 28.261
1224 20 10.788 46.218999999999994
1224 8 18.179000000000002 5.757999999999999
1224 31 17.87 14.780999999999999
1224 18 -9.31 -20.649
1224 22 15.972000000000001 10.325
1224 6 27.576999999999998 5.118
1224 40 30.489 8.207
1224 44 15.002 7.6770000000000005
1224 13 7.104 27.268
1236 44 14.56 7.126
1236 31 18.223 15.134
1236 18 -9.729 -20.649
1236 9 18.179000000000002 5.757999999999999
1236 16 8.295 28.989
1236 40 30.489 8.207
1236 14 6.31 28.171999999999997
1236 22 15.355 10.126
1236 20 10.788 45.843
1236 6 27.533 4.942
1248 16 7.6770000000000005 29.739
1248 44 14.119000000000002 6.751
1248 22 14.825 9.95
1248 14 5.692 29.451999999999998
1248 20 10.876 45.115
1248 40 30.489 8.207
1248 6 27.533 4.765
1248 9 18.179000000000002 5.757999999999999
1248 31 18.487000000000002 15.509
1248 18 -10.259 -20.649
1260 31 18.752 15.884
1260 20 10.876 44.211000000000006
1260 18 -10.788 -20.649
1260 6 27.533 4.765
1260 40 30.489 8.207
1260 22 14.296 9.773
1260 16 7.236000000000001 30.621
1260 9 18.179000000000002 5.757999999999999
1260 14 5.162000000000001 30.908
1260 44 13.677999999999999 6.574
1272 6 27.533 4.5889999999999995
1272 16 6.795 31.548000000000002
1272 40 30.489 8.207
1272 18 -11.295 -20.649
1272 9 18.179000000000002 5.757999999999999
1272 14 4.633 32.54
1272 20 10.876 43.284
1272 31 19.017 16.237000000000002
1272 44 13.149000000000001 6.221
1272 22 13.765999999999998 9.773
1284 9 18.179000000000002 5.757999999999999
1284 20 10.876 42.38
1284 6 27.533 4.5889999999999995
1284 14 4.103 34.195
1284 18 -11.737 -20.649
1284 16 6.707000000000001 34.283
1284 22 13.237 9.597000000000001
1284 44 12.707 5.867999999999999
1284 31 19.282 16.59
1284 40 30.489 8.207
1296 6 27.533 4.39
1296 22 12.707 9.398
1296 40 30.489 8.207
1296 9 18.179000000000002 5.757999999999999
1296 31 19.723 16.767
1296 18 -12.354000000000001 -20.649
1296 14 3.795 34.548
1296 20 10.7 42.203
1296 16 6.132999999999999 34.46
1296 44 12.265999999999998 5.492999999999999
1308 44 11.737 5.118
1308 20 10.523 42.027
1308 9 18.179000000000002 5.757999999999999
1308 14 3.53 35.275999999999996
1308 40 30.489 8.207
1308 16 5.692 35.275999999999996
1308 22 12.177999999999999 9.222000000000001
1308 7 27.488000000000003 4.39
1308 18 -12.972000000000001 -20.473
1308 31 20.252 16.987000000000002
1320 9 18.179000000000002 5.757999999999999
1320 22 11.648 9.222000000000001
1320 7 27.488000000000003 4.2139999999999995
1320 14 3.353 36.732
1320 18 -13.502 -20.296
1320 44 11.317 4.765
1320 16 5.515 36.556
1320 20 10.435 41.828
1320 31 20.671 17.164
1320 40 30.489 8.207
1332 20 10.259 41.652
1332 14 3.177 38.012
1332 9 18.179000000000002 5.757999999999999
1332 18 -14.119000000000002 -20.12
1332 40 30.489 8.207
1332 23 11.140999999999998 9.045
1332 7 27.488000000000003 4.2139999999999995
1332 16 5.3389999999999995 37.923
1332 31 21.201 17.34
1332 44 10.788 4.5889999999999995
1344 7 27.488000000000003 4.037
1344 18 -14.649000000000001 -19.921
1344 16 5.118 39.093
1344 20 10.082 41.475
1344 44 10.347000000000001 4.2139999999999995
1344 14 2.9560000000000004 39.468
1344 9 18.179000000000002 5.757999999999999
1344 31 21.73 17.517
1344 23 10.612 8.869
1344 40 30.445 8.207
1356 9 18.179000000000002 5.757999999999999
1356 44 9.839 3.839
1356 23 10.104 8.67
1356 31 22.171999999999997 17.692999999999998
1356 20 10.016 41.299
1356 14 2.78 40.924
1356 40 30.445 8.207
1356 7 27.488000000000003 4.037
1356 16 4.898 40.46
1356 18 -15.265999999999998 -19.745
1368 14 2.559 42.203
1368 23 9.575 8.67
1368 16 4.677 41.74
1368 7 27.488000000000003 3.839
1368 9 18.179000000000002 5.757999999999999
1368 20 9.839 41.1
1368 31 22.679000000000002 17.87
1368 40 30.445 8.207
1368 44 9.398 3.486
1368 18 -15.884 -19.745
1380 44 8.869 3.133
1380 40 30.445 8.207
1380 14 2.339 43.659
1380 18 -16.414 -19.546
1380 7 27.4 3.662
1380 9 18.179000000000002 5.757999999999999
1380 31 23.209 18.046
1380 23 9.045 8.494
1380 16 4.501 42.931000000000004
1392 18 -16.811 -19.458
1392 40 30.445 8.207
1392 31 23.738000000000003 18.442999999999998
1392 16 4.412 45.755
1392 7 27.4 3.662
1392 23 8.251 8.141
1392 14 2.162 44.93899999999999
1392 9 18.179000000000002 5.757999999999999
1392 44 8.427 2.9560000000000004
1404 44 7.898 2.9560000000000004
1404 9 18.179000000000002 5.757999999999999
1404 31 24.355999999999998 18.973
1404 23 7.367999999999999 7.942
1404 16 4.324 47.388000000000005
1404 40 30.445 8.207
1404 14 2.162 46.196000000000005
1404 7 27.4 3.486
1404 18 -17.075 -19.458
1416 45 7.367999999999999 2.9560000000000004
1416 7 27.4 3.486
1416 16 4.236000000000001 48.843999999999994
1416 18 -17.34 -19.458
1416 23 6.486000000000001 7.5889999999999995
1416 9 18.179000000000002 5.757999999999999
1416 31 24.973000000000003 19.502
1416 14 2.25 47.3
1416 40 30.445 8.207
1428 16 4.148 50.123000000000005
1428 9 18.179000000000002 5.757999999999999
1428 31 25.503 19.899
1428 23 5.692 7.5889999999999995
1428 40 30.445 8.207
1428 45 6.9270000000000005 2.559
1428 14 2.25 48.403
1428 7 27.4 3.3089999999999997
1428 18 -18.002 -19.017
1440 9 18.179000000000002 5.757999999999999
1440 40 30.445 8.207
1440 45 6.486000000000001 2.206
1440 7 27.4 3.3089999999999997
1440 14 2.339 49.681999999999995
1440 31 26.031999999999996 20.076
1440 16 4.059 51.57899999999999
1440 23 4.986000000000001 7.5889999999999995
1452 45 5.957000000000001 1.6769999999999998
1452 14 2.339 51.49100000000001
1452 23 4.28 7.5889999999999995
1452 31 26.561999999999998 20.429000000000002
1452 40 30.445 8.207
1452 9 18.179000000000002 5.757999999999999
1452 16 4.059 52.858999999999995
1452 7 27.4 3.133
1464 41 30.445 8.207
1464 23 3.662 7.766
1464 45 5.515 1.103
1464 9 18.179000000000002 5.757999999999999
1464 14 2.339 53.3
1464 16 4.059 54.138999999999996
1464 7 27.355999999999998 3.133
1476 23 2.9560000000000004 7.766
1476 45 5.074 0.75
1476 7 27.355999999999998 2.9339999999999997
1476 41 30.445 8.207
1488 41 30.445 8.207
1488 23 2.25 7.766
1488 45 4.633 0.221
1488 7 27.355999999999998 2.758
1500 45 4.192 -0.154
1500 33 30.93 9.045
1500 77 24.840999999999998 22.723000000000003
1500 25 4.677 -1.081
1500 23 1.633 7.942
1500 35 29.739 7.854
1500 7 27.355999999999998 2.758
1500 41 30.445 8.207
1512 77 24.840999999999998 22.723000000000003
1512 25 4.236000000000001 -1.5219999999999998
1512 35 29.739 7.854
1512 33 30.93 9.045
1512 41 30.445 8.03
1512 23 1.147 7.942
1512 7 27.355999999999998 2.5810000000000004
1512 45 3.574 -0.441
1524 23 0.684 7.942
1524 25 3.795 -1.986
1524 41 30.445 8.03
1524 45 3.0439999999999996 -0.618
1524 77 24.840999999999998 22.723000000000003
1524 35 29.739 7.854
1524 7 27.355999999999998 2.5810000000000004
1524 33 30.93 9.045
1536 35 29.739 7.854
1536 77 24.840999999999998 22.723000000000003
1536 7 27.355999999999998 2.5810000000000004
1536 41 30.445 8.03
1536 25 3.353 -2.339
1536 33 30.93 9.045
1536 23 0.19899999999999998 8.052
1536 45 2.471 -0.706
1548 25 2.912 -2.802
1548 33 30.93 9.045
1548 35 29.739 7.854
1548 23 -0.331 8.052
1548 77 24.840999999999998 22.723000000000003
1548 45 2.074 -1.0590000000000002
1548 41 30.445 8.03
1560 33 30.93 9.045
1560 69 15.265999999999998 -20.296
1560 25 2.559 -3.155
1560 41 30.445 8.03
1560 23 -0.838 8.052
1560 77 24.840999999999998 22.723000000000003
1560 35 29.739 7.854
1560 45 1.8090000000000002 -1.4340000000000002
1572 24 -1.544 8.229
1572 25 2.206 -3.53
1572 77 24.840999999999998 22.723000000000003
1572 35 29.739 7.854
1572 69 15.265999999999998 -19.921
1572 33 30.93 9.045
1572 45 1.456 -1.986
1572 41 30.445 8.03
1584 77 24.840999999999998 22.723000000000003
1584 33 30.93 9.045
1584 35 29.739 7.854
1584 69 15.265999999999998 -19.546
1584 32 9.751 -22.656999999999996
1584 41 30.445 8.03
1584 24 -2.25 8.405
1584 25 1.8530000000000002 -3.905
1584 45 1.103 -2.515
1596 24 -2.8680000000000003 8.758
1596 25 1.412 -4.258
1596 32 9.751 -22.105
1596 35 29.739 7.854
1596 69 15.265999999999998 -19.192999999999998
1596 45 0.596 -3.0669999999999997
1596 77 24.840999999999998 22.723000000000003
1596 41 30.489 8.03
1596 33 30.93 9.045
1608 77 24.840999999999998 22.723000000000003
1608 32 9.663 -21.576
1608 41 30.489 7.942
1608 45 0.154 -3.795
1608 35 29.739 7.854
1608 25 1.0590000000000002 -4.611000000000001
1608 24 -3.397 9.133
1608 69 15.265999999999998 -18.84
1608 33 30.93 9.045
1620 45 -0.287 -4.346
1620 24 -3.839 9.508
1620 77 24.840999999999998 22.723000000000003
1620 35 29.739 7.854
1620 33 30.93 9.045
1620 41 30.489 7.942
1620 69 15.265999999999998 -18.289
1620 25 0.728 -4.986000000000001
1620 32 9.619 -21.090999999999998
1632 33 30.93 9.045
1632 69 15.265999999999998 -17.914
1632 32 9.619 -20.738000000000003
1632 77 24.840999999999998 22.723000000000003
1632 41 30.489 7.942
1632 24 -4.368 9.685
1632 45 -0.529 -4.898
1632 25 0.375 -5.361000000000001
1632 35 29.739 7.854
1644 69 15.177999999999999 -17.561
1644 77 24.840999999999998 22.723000000000003
1644 24 -4.898 10.038
1644 45 -0.794 -5.449
1644 41 30.489 7.942
1644 32 9.751 -20.738000000000003
1644 25 0.022000000000000002 -5.7139999999999995
1644 33 30.93 9.045
1644 35 29.739 7.854
1656 41 30.489 7.942
1656 25 -0.243 -6.265
1656 24 -5.4270000000000005 10.390999999999998
1656 69 15.002 -17.009
1656 33 30.93 9.045
1656 46 -1.0590000000000002 -5.979
1656 72 10.104 61.507
1656 32 9.883 -20.385
1656 77 24.840999999999998 22.723000000000003
1656 35 29.739 7.854
1668 77 24.840999999999998 22.723000000000003
1668 72 10.192 61.507
1668 25 -0.397 -6.817
1668 32 10.038 -19.635
1668 24 -6.045 10.964
1668 35 29.739 7.854
1668 69 14.869000000000002 -16.458
1668 46 -1.324 -6.53
1668 41 30.489 7.942
1668 33 30.93 9.045
1680 72 10.192 60.888999999999996
1680 25 -0.485 -7.346
1680 41 30.533 7.854
1680 24 -6.662999999999999 11.494000000000002
1680 33 30.93 9.045
1680 32 10.214 -18.929000000000002
1680 69 14.737 -16.105
1680 77 24.840999999999998 22.723000000000003
1680 35 29.739 7.854
1680 46 -1.588 -7.082000000000001
1692 32 10.479000000000001 -18.002
1692 72 10.192 60.138999999999996
1692 46 -1.8530000000000002 -7.81
1692 24 -7.367999999999999 12.045
1692 41 30.533 7.854
1692 33 30.93 9.045
1692 25 -0.574 -7.898
1692 35 29.739 7.854
1692 77 24.840999999999998 22.723000000000003
1692 69 14.605 -15.552999999999999
1704 33 30.93 9.045
1704 32 10.92 -17.296
1704 77 24.840999999999998 22.723000000000003
1704 46 -2.1180000000000003 -8.361
1704 42 30.533 7.854
1704 24 -7.986000000000001 12.597000000000001
1704 69 14.427999999999999 -15.177999999999999
1704 35 29.739 7.854
1704 25 -0.75 -8.449
1704 72 10.259 59.963
1716 77 24.840999999999998 22.723000000000003
1716 42 30.533 7.766
1716 35 29.739 7.854
1716 25 -0.838 -9.001
1716 46 -2.1180000000000003 -8.913
1716 24 -8.516 13.126
1716 69 14.252 -14.649000000000001
1716 72 10.302999999999999 59.058
1716 33 30.93 9.045
1716 32 11.604000000000001 -17.12
1728 25 -1.015 -9.552999999999999
1728 46 -2.206 -9.266
1728 72 10.259 58.418
1728 42 30.533 7.766
1728 33 30.93 9.045
1728 69 13.899000000000001 -14.274000000000001
1728 35 29.739 7.854
1728 77 24.840999999999998 22.723000000000003
1728 24 -9.133 13.7
1728 32 12.134 -16.899
1740 36 29.739 7.854
1740 69 13.546 -13.899000000000001
1740 72 10.259 57.315
1740 46 -2.25 -9.641
1740 24 -9.641 14.052999999999999
1740 32 12.487 -16.899
1740 34 30.93 9.045
1740 74 10.523 61.684
1740 42 30.533 7.766
1740 26 -1.103 -10.082
1740 78 24.840999999999998 22.723000000000003
1752 34 30.93 9.045
1752 26 -1.28 -10.634
1752 72 10.214 56.323
1752 42 30.533 7.766
1752 36 29.739 7.854
1752 78 24.840999999999998 22.723000000000003
1752 74 10.347000000000001 60.801
1752 69 13.193 -13.546
1752 24 -10.17 14.405999999999999
1752 32 12.751 -16.192999999999998
1752 46 -2.339 -10.17
1764 42 30.533 7.766
1764 26 -1.368 -11.362
1764 72 10.214 55.418
1764 32 13.104000000000001 -15.443
1764 46 -2.427 -10.722000000000001
1764 36 29.739 7.854
1764 69 13.015999999999998 -13.015999999999998
1764 78 24.840999999999998 22.723000000000003
1764 24 -10.7 14.780999999999999
1764 74 10.347000000000001 60.227
1764 34 30.93 9.045
1776 24 -11.207 14.780999999999999
1776 34 30.93 9.045
1776 36 29.739 7.854
1776 26 -1.368 -11.913
1776 78 24.840999999999998 22.723000000000003
1776 42 30.621 7.766
1776 32 13.81 -15.443
1776 69 12.84 -12.443
1776 74 10.347000000000001 59.61
1776 72 10.435 54.955
1776 46 -2.515 -11.273
1788 24 -11.913 14.98
1788 26 -1.368 -12.465
1788 72 10.523 54.756
1788 46 -2.603 -11.825
1788 74 10.347000000000001 58.948
1788 69 12.663 -11.913
1788 75 11.825 54.69
1788 34 30.93 9.045
1788 32 14.34 -15.09
1788 42 30.621 7.766
1788 36 29.739 7.854
1788 78 24.840999999999998 22.723000000000003
1800 78 24.840999999999998 22.723000000000003
1800 46 -2.6910000000000003 -12.177999999999999
1800 26 -1.368 -13.082
1800 32 14.780999999999999 -14.737
1800 72 10.479000000000001 54.315
1800 24 -12.619000000000002 15.155999999999999
1800 74 10.347000000000001 58.33
1800 70 12.398 -11.45
1800 34 30.93 9.045
1800 42 30.621 7.766
1800 36 29.739 7.854
1800 75 11.737 54.11600000000001
1812 75 11.604000000000001 53.586999999999996
1812 36 29.739 7.854
1812 32 15.399000000000001 -14.56
1812 72 10.390999999999998 53.586999999999996
1812 46 -2.6910000000000003 -12.905999999999999
1812 70 12.045 -11.075
1812 78 24.840999999999998 22.723000000000003
1812 42 30.621 7.766
1812 74 10.347000000000001 57.668
1812 26 -1.368 -13.634
1812 34 30.93 9.045
1824 34 30.93 9.045
1824 46 -2.603 -13.634
1824 36 29.739 7.854
1824 75 11.515999999999998 53.058
1824 70 11.693 -10.722000000000001
1824 26 -1.368 -14.009
1824 72 10.390999999999998 52.946999999999996
1824 42 30.621 7.6770000000000005
1824 78 24.840999999999998 22.723000000000003
1824 74 10.347000000000001 57.051
1836 78 24.840999999999998 22.723000000000003
1836 70 11.427999999999999 -10.369000000000002
1836 46 -2.515 -14.185
1836 72 10.347000000000001 52.218999999999994
1836 42 30.621 7.6770000000000005
1836 36 29.739 7.854
1836 34 30.93 9.045
1836 75 11.405999999999999 52.306999999999995
1836 26 -1.368 -14.538
1836 74 10.347000000000001 56.411
1848 36 29.739 7.854
1848 74 10.259 55.771
1848 26 -1.456 -15.112
1848 34 30.93 9.045
1848 78 24.840999999999998 22.723000000000003
1848 70 11.185 -10.192
1848 72 10.347000000000001 51.49100000000001
1848 46 -2.515 -14.56
1848 75 11.317 51.778
1848 42 30.621 7.6770000000000005
1860 34 30.93 9.045
1860 70 10.92 -9.817
1860 72 10.259 51.226000000000006
1860 42 30.665 7.5889999999999995
1860 74 10.259 55.242
1860 36 29.739 7.854
1860 75 11.229000000000001 51.20399999999999
1860 26 -1.456 -15.465
1860 78 24.840999999999998 22.723000000000003
1860 46 -2.603 -14.913
1872 74 10.259 54.58
1872 78 24.840999999999998 22.723000000000003
1872 70 10.655999999999999 -9.442
1872 75 11.317 50.498000000000005
1872 34 30.93 9.045
1872 72 10.148 50.961999999999996
1872 42 30.665 7.5889999999999995
1872 46 -2.6910000000000003 -15.09
1872 36 29.739 7.854
1872 26 -1.633 -15.994000000000002
1884 42 30.665 7.5889999999999995
1884 46 -2.78 -15.465
1884 70 10.479000000000001 -9.001
1884 36 29.739 7.854
1884 74 10.259 53.961999999999996
1884 34 30.93 9.045
1884 75 11.405999999999999 49.858999999999995
1884 78 24.840999999999998 22.723000000000003
1884 26 -1.7209999999999999 -16.567999999999998
1884 72 10.06 50.675
1896 73 10.104 49.593999999999994
1896 75 11.427999999999999 49.131
1896 42 30.665 7.5889999999999995
1896 70 10.347000000000001 -8.449
1896 26 -1.8090000000000002 -17.098
1896 34 30.93 9.045
1896 78 24.840999999999998 22.723000000000003
1896 36 29.739 7.854
1896 74 10.259 53.3
1908 73 10.104 48.49100000000001
1908 36 29.739 7.854
1908 70 10.192 -7.986000000000001
1908 75 11.405999999999999 48.667
1908 78 24.840999999999998 22.723000000000003
1908 74 10.259 52.681999999999995
1908 42 30.665 7.5889999999999995
1908 34 30.93 9.045
1908 26 -2.25 -17.451
1920 34 30.93 9.045
1920 36 29.739 7.854
1920 70 10.192 -7.81
1920 74 10.259 52.021
1920 42 30.665 7.5889999999999995
1920 75 11.317 48.028
1920 26 -2.6910000000000003 -17.826
1920 78 24.840999999999998 22.723000000000003
1920 73 10.06 48.667
1932 75 11.009 47.586000000000006
1932 36 29.739 7.854
1932 34 30.93 9.045
1932 26 -3.133 -18.201
1932 70 10.192 -7.81
1932 42 30.665 7.501
1932 78 24.840999999999998 22.723000000000003
1932 74 10.259 51.403
1932 73 10.06 48.667
1944 73 10.06 47.211000000000006
1944 75 11.140999999999998 47.41
1944 78 24.840999999999998 22.723000000000003
1944 26 -3.574 -18.201
1944 34 30.93 9.045
1944 70 10.192 -7.81
1944 36 29.739 7.854
1944 74 10.259 50.873000000000005
1956 70 10.192 -7.81
1956 73 9.883 47.211000000000006
1956 36 29.739 7.854
1956 34 30.93 9.045
1956 74 10.259 50.211999999999996
1956 75 10.964 46.836000000000006
1956 78 24.840999999999998 22.723000000000003
1956 26 -4.103 -18.201
1968 34 30.93 9.045
1968 74 10.259 49.681999999999995
1968 75 11.140999999999998 45.38
1968 36 29.739 7.854
1968 78 24.840999999999998 22.723000000000003
1968 70 10.192 -6.707000000000001
1968 26 -4.721 -18.201
1968 73 9.883 46.108000000000004
1980 73 9.972000000000001 45.20399999999999
1980 70 10.192 -4.721
1980 75 10.92 45.20399999999999
1992 73 9.972000000000001 44.652
1992 75 10.92 44.476000000000006
1992 70 10.016 -4.148
2004 73 9.972000000000001 44.034
2004 70 10.016 -3.6180000000000003
2004 75 10.92 43.748000000000005
2016 73 9.972000000000001 43.461000000000006
2016 75 10.964 43.02
2016 70 10.06 -3.353
2028 70 10.148 -3.177
2028 73 9.972000000000001 42.931000000000004
2040 73 9.972000000000001 42.38
2052 73 9.972000000000001 41.828
2064 73 9.972000000000001 41.299
2076 73 9.972000000000001 40.747
2088 73 9.972000000000001 40.196
2100 73 9.972000000000001 39.666
2112 73 9.972000000000001 39.093
2124 73 10.148 38.387
