96 40 -0.018000000000000002 8.054
96 10 -2.5839999999999996 13.488
96 19 8.283999999999999 11.488
96 34 14.833 -3.682
96 17 -0.159 -1.115
96 46 3.8939999999999997 -3.522
96 26 13.842 8.62
96 42 1.044 22.355999999999998
96 8 -3.4339999999999997 13.488
96 32 9.629 10.921
96 24 13.948 9.629
96 14 -1.735 14.709000000000001
96 0 1.735 -4.0360000000000005
96 16 25.064 -6.956
96 12 -1.6280000000000001 13.770999999999999
96 21 -1.239 12.479000000000001
96 30 -16.000999999999998 9.629
96 28 -15.86 10.638
96 44 -17.665 5.468999999999999
96 36 1.805 -1.186
96 38 0.938 7.912000000000001
96 6 21.541999999999998 44.977
108 32 9.629 10.921
108 36 1.805 -1.186
108 42 1.044 21.930999999999997
108 38 0.903 7.487
108 34 14.55 -3.823
108 0 2.1590000000000003 -4.195
108 28 -15.276 10.638
108 30 -15.417 9.629
108 40 -0.08900000000000001 7.487
108 26 13.345999999999998 8.62
108 44 -17.099 5.468999999999999
108 24 13.523 9.629
108 46 3.8939999999999997 -3.522
108 8 -3.4339999999999997 13.488
108 10 -2.5839999999999996 13.488
108 19 8.283999999999999 11.488
108 12 -1.6280000000000001 13.770999999999999
108 17 -0.08900000000000001 -1.8230000000000002
108 14 -1.735 14.709000000000001
108 21 -1.0270000000000001 12.762
108 16 25.241 -7.098
108 6 21.896 44.693999999999996
120 30 -14.886 9.771
120 19 8.283999999999999 11.488
120 32 9.629 10.921
120 17 -0.08900000000000001 -2.673
120 34 14.267000000000001 -3.823
120 16 25.311999999999998 -7.098
120 44 -16.532 5.468999999999999
120 14 -1.735 14.709000000000001
120 6 22.338 44.552
120 38 0.867 6.903
120 12 -1.6280000000000001 13.770999999999999
120 40 -0.177 6.903
120 10 -2.5839999999999996 13.488
120 8 -3.4339999999999997 13.488
120 42 1.044 21.365
120 36 1.805 -1.186
120 21 -0.956 13.345999999999998
120 0 2.5839999999999996 -4.478
120 26 12.921 8.62
120 46 3.8939999999999997 -3.522
120 24 13.027999999999999 9.629
120 28 -14.709000000000001 10.638
132 44 -15.895 5.468999999999999
132 40 -0.319 6.337000000000001
132 10 -2.5839999999999996 13.488
132 17 -0.018000000000000002 -3.522
132 12 -1.6280000000000001 13.770999999999999
132 28 -14.125 10.638
132 16 25.311999999999998 -7.098
132 19 8.283999999999999 11.488
132 34 13.982999999999999 -3.823
132 38 0.867 6.337000000000001
132 46 3.8939999999999997 -3.522
132 32 9.629 10.921
132 30 -14.302 9.771
132 8 -3.4339999999999997 13.488
132 24 12.532 9.629
132 36 1.805 -1.186
132 26 12.425999999999998 8.62
132 42 1.044 20.94
132 0 3.08 -4.62
132 6 22.763 44.411
132 21 -0.8140000000000001 13.93
132 14 -1.735 14.709000000000001
144 44 -15.311 5.468999999999999
144 36 1.805 -1.186
144 24 12.107000000000001 9.629
144 6 23.188000000000002 44.251999999999995
144 46 3.8939999999999997 -3.522
144 34 13.629000000000001 -3.965
144 38 0.726 5.77
144 16 25.311999999999998 -7.098
144 12 -1.6280000000000001 13.770999999999999
144 14 -1.735 14.709000000000001
144 10 -2.5839999999999996 13.488
144 8 -3.4339999999999997 13.488
144 19 8.283999999999999 11.488
144 28 -13.559000000000001 10.638
144 30 -13.770999999999999 9.771
144 0 3.576 -4.761
144 42 1.044 20.373
144 26 11.93 8.62
144 21 -0.8140000000000001 14.497
144 17 0.053 -4.266
144 40 -0.389 5.77
144 32 9.629 10.921
156 14 -1.735 14.709000000000001
156 42 1.044 19.913
156 8 -3.4339999999999997 13.488
156 12 -1.6280000000000001 13.770999999999999
156 28 -12.921 10.638
156 30 -13.205 9.912
156 44 -14.745 5.468999999999999
156 21 -0.885 14.78
156 36 1.805 -1.186
156 32 9.629 10.921
156 46 3.8939999999999997 -3.522
156 17 0.195 -4.974
156 24 11.612 9.629
156 10 -2.5839999999999996 13.488
156 6 23.541999999999998 44.11
156 34 13.345999999999998 -3.965
156 40 -0.46 5.186
156 26 11.505 8.62
156 38 0.5489999999999999 5.045
156 16 25.311999999999998 -6.956
156 0 4.071000000000001 -4.832
156 19 8.283999999999999 11.488
168 38 0.37200000000000005 4.478
168 12 -1.6280000000000001 13.770999999999999
168 6 23.967 43.951
168 24 11.169 9.629
168 10 -2.5839999999999996 13.488
168 42 1.044 19.347
168 26 10.992 8.62
168 40 -0.602 4.62
168 8 -3.4339999999999997 13.488
168 34 13.062999999999999 -3.965
168 19 8.283999999999999 11.488
168 46 3.8939999999999997 -3.522
168 16 25.311999999999998 -6.956
168 28 -12.355 10.638
168 44 -14.09 5.468999999999999
168 30 -12.674000000000001 9.912
168 21 -1.097 15.345999999999998
168 0 4.567 -4.974
168 14 -1.735 14.709000000000001
168 32 9.629 10.921
168 17 0.336 -5.682
168 36 1.805 -1.186
180 32 9.629 10.921
180 8 -3.4339999999999997 13.488
180 17 0.478 -6.247999999999999
180 10 -2.5839999999999996 13.488
180 6 24.391 43.809
180 40 -0.6729999999999999 4.053
180 44 -13.523 5.468999999999999
180 30 -12.107000000000001 9.912
180 26 10.495999999999999 8.62
180 5 -9.151 49.243
180 36 1.805 -1.186
180 28 -11.718 10.638
180 38 0.195 3.912
180 16 25.311999999999998 -6.815
180 46 3.8939999999999997 -3.522
180 21 -1.31 15.770999999999999
180 34 12.78 -4.107
180 0 5.08 -5.045
180 19 8.283999999999999 11.488
180 12 -1.6280000000000001 13.770999999999999
180 14 -1.735 14.709000000000001
180 42 1.044 18.922
180 24 10.673 9.629
192 6 24.745 43.809
192 46 3.8939999999999997 -3.522
192 8 -3.4339999999999997 13.488
192 30 -11.540999999999999 10.054
192 42 1.044 18.355999999999998
192 19 8.283999999999999 11.488
192 32 9.629 10.921
192 21 -1.4509999999999998 16.338
192 17 0.62 -6.956
192 28 -11.151 10.78
192 36 1.876 -1.186
192 0 5.5760000000000005 -5.115
192 44 -12.957 5.468999999999999
192 10 -2.5839999999999996 13.488
192 24 10.177999999999999 9.488
192 26 10.072000000000001 8.62
192 16 25.311999999999998 -6.815
192 40 -0.743 3.469
192 38 0.124 3.3280000000000003
192 5 -8.992 48.323
192 34 12.425999999999998 -4.107
192 14 -1.735 14.709000000000001
192 12 -1.6280000000000001 13.770999999999999
204 5 -8.709 48.181000000000004
204 44 -12.32 5.468999999999999
204 6 24.958000000000002 43.809
204 23 2.7969999999999997 48.535
204 46 3.8939999999999997 -3.522
204 32 9.629 10.921
204 17 0.62 -7.7
204 21 -1.6640000000000001 16.939
204 26 9.558 8.62
204 19 8.283999999999999 11.488
204 28 -10.585 10.78
204 30 -11.045 10.054
204 16 25.311999999999998 -6.815
204 14 -1.735 14.709000000000001
204 34 12.072000000000001 -4.107
204 10 -2.5839999999999996 13.488
204 12 -1.6280000000000001 13.770999999999999
204 24 9.735 9.488
204 42 1.044 17.930999999999997
204 8 -3.4339999999999997 13.488
204 0 6.001 -5.257000000000001
204 38 0.08900000000000001 2.62
204 40 -0.885 2.903
204 36 1.876 -1.186
216 23 2.7260000000000004 48.181000000000004
216 19 8.283999999999999 11.488
216 46 3.8939999999999997 -3.522
216 17 0.62 -8.549
216 8 -3.4339999999999997 13.488
216 0 6.443 -5.257000000000001
216 14 -1.735 14.709000000000001
216 12 -1.6280000000000001 13.770999999999999
216 21 -1.876 17.506
216 10 -2.5839999999999996 13.488
216 6 25.17 43.809
216 5 -8.425 48.11
216 16 25.311999999999998 -6.672999999999999
216 42 1.044 17.364
216 24 9.24 9.488
216 34 11.718 -4.107
216 26 9.062999999999999 8.62
216 40 -0.956 2.336
216 28 -9.93 10.78
216 44 -11.753 5.468999999999999
216 38 0.08900000000000001 2.036
216 32 9.629 10.921
216 36 1.876 -1.186
216 30 -10.62 10.054
228 8 -3.4339999999999997 13.488
228 34 11.435 -4.195
228 0 6.939 -5.257000000000001
228 36 1.876 -1.186
228 38 0.018000000000000002 1.469
228 5 -8.213 47.898
228 40 -1.0270000000000001 1.7519999999999998
228 23 2.69 47.898
228 21 -1.9469999999999998 17.930999999999997
228 32 9.629 10.921
228 6 25.56 43.809
228 42 1.0090000000000001 16.939
228 10 -2.5839999999999996 13.488
228 26 8.638 8.62
228 46 3.8939999999999997 -3.522
228 28 -9.434 10.921
228 19 8.283999999999999 11.488
228 17 0.62 -9.257
228 24 8.744 9.488
228 30 -10.107000000000001 10.054
228 14 -1.735 14.709000000000001
228 44 -11.187000000000001 5.468999999999999
228 12 -1.6280000000000001 13.770999999999999
228 16 25.311999999999998 -6.672999999999999
240 37 1.876 -1.186
240 43 0.938 16.338
240 41 -1.0270000000000001 1.186
240 1 7.3629999999999995 -5.399
240 39 -0.053 0.903
240 35 11.062999999999999 -4.195
240 18 0.69 -9.965
240 33 9.629 10.921
240 31 -9.611 10.196
240 29 -8.992 10.921
240 27 8.142000000000001 8.62
240 25 8.318999999999999 9.488
240 22 -1.9469999999999998 18.355999999999998
240 13 -1.6280000000000001 13.770999999999999
240 45 -10.603 5.468999999999999
240 20 8.283999999999999 11.488
240 9 -3.4339999999999997 13.488
240 11 -2.5839999999999996 13.488
240 15 -1.735 14.709000000000001
240 6 25.424 43.888000000000005
240 47 3.8939999999999997 -3.522
240 5 -7.93 47.756
240 23 2.655 47.615
252 39 -0.195 0.336
252 47 3.8939999999999997 -3.522
252 25 7.824 9.488
252 27 7.647 8.62
252 45 -9.965 5.468999999999999
252 37 1.876 -1.186
252 11 -2.5839999999999996 13.488
252 29 -8.496 11.062999999999999
252 35 10.709000000000001 -4.195
252 31 -9.097999999999999 10.196
252 9 -3.4339999999999997 13.488
252 7 25.238000000000003 43.974
252 22 -2.0180000000000002 18.78
252 33 9.629 10.921
252 1 7.787999999999999 -5.399
252 41 -1.0270000000000001 0.62
252 13 -1.6280000000000001 13.770999999999999
252 23 2.655 47.331
252 20 8.283999999999999 11.488
252 43 0.867 15.913
252 5 -7.5760000000000005 47.544
252 18 0.7609999999999999 -10.690999999999999
252 15 -1.735 14.709000000000001
264 20 8.283999999999999 11.488
264 23 2.655 46.888999999999996
264 15 -1.735 14.709000000000001
264 7 25.051 44.059
264 29 -8.071 11.062999999999999
264 11 -2.5839999999999996 13.488
264 27 7.222 8.62
264 25 7.327999999999999 9.488
264 13 -1.6280000000000001 13.770999999999999
264 5 -7.292999999999999 47.261
264 18 0.8320000000000001 -11.559000000000001
264 22 -2.0180000000000002 19.347
264 31 -8.603 10.196
264 35 10.425999999999998 -4.195
264 45 -9.399 5.468999999999999
264 37 1.876 -1.186
264 47 3.8939999999999997 -3.522
264 9 -3.4339999999999997 13.488
264 43 0.797 15.345999999999998
264 39 -0.28300000000000003 -0.106
264 33 9.629 10.921
264 41 -1.0270000000000001 0.035
264 1 8.283999999999999 -5.54
276 22 -2.089 19.772000000000002
276 39 -0.28300000000000003 -0.6729999999999999
276 1 8.709 -5.54
276 33 9.629 10.921
276 41 -1.0270000000000001 -0.531
276 13 -1.6280000000000001 13.770999999999999
276 45 -8.815 5.468999999999999
276 18 0.903 -12.267000000000001
276 43 0.726 14.922
276 15 -1.735 14.709000000000001
276 20 8.283999999999999 11.488
276 37 1.876 -1.186
276 23 2.655 46.464
276 47 3.8939999999999997 -3.522
276 5 -6.939 47.101000000000006
276 11 -2.5839999999999996 13.488
276 9 -3.4339999999999997 13.488
276 35 9.982999999999999 -4.337
276 31 -8.177999999999999 10.337
276 27 6.726 8.62
276 7 24.865 44.145
276 25 6.903 9.488
276 29 -7.647 11.062999999999999
288 31 -7.894 10.337
288 15 -1.735 14.709000000000001
288 43 0.655 14.355
288 47 3.8939999999999997 -3.522
288 33 9.629 10.921
288 18 0.9740000000000001 -12.975
288 25 6.478 9.488
288 41 -0.991 -0.956
288 45 -8.177999999999999 5.468999999999999
288 27 6.231 8.62
288 20 8.283999999999999 11.488
288 7 24.679000000000002 44.231
288 39 -0.28300000000000003 -1.097
288 35 9.558 -4.337
288 22 -2.089 20.214000000000002
288 29 -7.292999999999999 11.204
288 37 1.9469999999999998 -1.328
288 5 -6.585 46.818000000000005
288 9 -3.4339999999999997 13.488
288 1 9.134 -5.54
288 11 -2.5839999999999996 13.488
288 23 2.655 46.038999999999994
288 13 -1.6280000000000001 13.770999999999999
300 25 6.107 9.629
300 7 24.491999999999997 44.317
300 27 5.7170000000000005 8.762
300 20 8.283999999999999 11.488
300 29 -7.08 11.204
300 35 9.134 -4.478
300 13 -1.6280000000000001 13.770999999999999
300 23 2.655 45.615
300 47 3.8939999999999997 -3.522
300 31 -7.54 10.479000000000001
300 9 -3.4339999999999997 13.488
300 33 9.629 10.921
300 5 -6.4079999999999995 46.677
300 18 1.115 -13.683
300 11 -2.5839999999999996 13.488
300 37 2.0180000000000002 -1.328
300 22 -2.1590000000000003 20.656999999999996
300 41 -0.779 -1.682
300 45 -7.611000000000001 5.468999999999999
300 43 0.584 13.93
300 15 -1.735 14.709000000000001
300 1 9.558 -5.682
300 39 -0.053 -1.682
312 29 -6.867999999999999 11.345999999999998
312 15 -1.735 14.709000000000001
312 20 8.283999999999999 11.488
312 41 -0.5660000000000001 -2.39
312 45 -7.045 5.468999999999999
312 11 -2.5839999999999996 13.488
312 25 5.682 9.771
312 7 24.305999999999997 44.402
312 43 0.513 13.345999999999998
312 5 -6.337000000000001 46.535
312 27 5.222 8.902999999999999
312 47 3.8939999999999997 -3.522
312 37 2.0180000000000002 -1.328
312 23 2.655 45.19
312 31 -7.257000000000001 10.638
312 9 -3.4339999999999997 13.488
312 39 0.23 -2.248
312 22 -2.1590000000000003 21.081
312 33 9.629 10.921
312 35 8.709 -4.478
312 1 10.072000000000001 -5.682
312 18 1.115 -14.568
312 13 -1.6280000000000001 13.770999999999999
324 22 -2.23 21.648000000000003
324 1 10.495999999999999 -5.682
324 5 -6.16 46.251999999999995
324 43 0.513 12.762
324 35 8.283999999999999 -4.62
324 11 -2.5839999999999996 13.488
324 39 0.584 -2.673
324 45 -6.4079999999999995 5.468999999999999
324 41 -0.28300000000000003 -2.9560000000000004
324 33 9.629 10.921
324 27 4.638 9.045
324 9 -3.4339999999999997 13.488
324 29 -6.62 11.345999999999998
324 37 2.089 -1.328
324 31 -6.903 10.638
324 25 5.327999999999999 9.912
324 23 2.655 44.623000000000005
324 47 3.8939999999999997 -3.522
324 20 8.283999999999999 11.488
324 18 1.204 -15.417
324 13 -1.6280000000000001 13.770999999999999
324 7 24.12 44.488
324 15 -1.735 14.709000000000001
336 25 4.974 10.054
336 29 -6.337000000000001 11.488
336 41 0.124 -3.2569999999999997
336 7 23.933000000000003 44.574
336 15 -1.735 14.709000000000001
336 45 -5.841 5.611000000000001
336 47 3.8939999999999997 -3.522
336 1 10.921 -5.824
336 39 1.0090000000000001 -2.9560000000000004
336 27 4.1419999999999995 9.187000000000001
336 20 8.283999999999999 11.488
336 11 -2.5839999999999996 13.488
336 33 9.629 10.921
336 43 0.44299999999999995 12.337
336 22 -2.301 22.073
336 13 -1.6280000000000001 13.770999999999999
336 18 1.274 -16.267
336 35 7.787999999999999 -4.62
336 9 -3.4339999999999997 13.488
336 23 2.655 44.181000000000004
336 5 -6.018 45.968999999999994
336 37 2.089 -1.328
336 31 -6.62 10.78
348 5 -5.877000000000001 45.685
348 35 7.222 -4.62
348 29 -5.983 11.488
348 45 -5.186 5.611000000000001
348 31 -6.266 10.78
348 13 -1.6280000000000001 13.770999999999999
348 18 1.345 -17.117
348 37 1.9469999999999998 -1.328
348 1 11.417 -5.824
348 39 1.4509999999999998 -3.2569999999999997
348 27 3.717 9.488
348 33 9.629 10.921
348 7 23.747 44.66
348 9 -3.4339999999999997 13.488
348 47 3.8939999999999997 -3.522
348 25 4.531000000000001 10.196
348 11 -2.5839999999999996 13.488
348 23 2.655 43.738
348 20 8.283999999999999 11.488
348 22 -2.301 22.497
348 15 -1.735 14.709000000000001
348 43 0.37200000000000005 11.770999999999999
348 41 0.62 -3.54
360 29 -5.558 11.488
360 23 2.655 43.313
360 37 1.876 -1.328
360 39 1.9469999999999998 -3.54
360 7 23.56 44.746
360 35 6.726 -4.62
360 1 11.859000000000002 -5.824
360 9 -3.4339999999999997 13.488
360 31 -5.983 10.921
360 41 1.133 -3.965
360 13 -1.6280000000000001 13.770999999999999
360 25 4.177 10.355
360 5 -5.806 45.402
360 27 3.4339999999999997 9.771
360 33 9.629 10.921
360 20 8.283999999999999 11.488
360 22 -2.301 22.921999999999997
360 47 3.8939999999999997 -3.522
360 11 -2.5839999999999996 13.488
360 15 -1.735 14.709000000000001
360 18 1.416 -17.63
360 45 -4.62 5.611000000000001
360 43 0.301 11.345999999999998
372 43 0.23 10.78
372 11 -2.5839999999999996 13.488
372 22 -2.301 23.506
372 18 1.416 -18.267
372 35 6.142 -4.62
372 33 9.629 10.921
372 31 -5.7 11.062999999999999
372 5 -5.806 45.402
372 23 2.655 42.888999999999996
372 9 -3.4339999999999997 13.488
372 13 -1.6280000000000001 13.770999999999999
372 1 12.284 -5.824
372 27 3.1510000000000002 10.196
372 39 2.372 -3.823
372 41 1.6640000000000001 -4.319
372 7 23.374000000000002 44.831
372 37 1.805 -1.328
372 29 -5.186 11.488
372 25 3.823 10.495999999999999
372 15 -1.735 14.709000000000001
372 45 -3.983 5.752999999999999
372 20 8.283999999999999 11.488
372 47 3.8939999999999997 -3.522
384 43 0.159 10.355
384 15 -1.735 14.709000000000001
384 1 12.638 -5.824
384 23 2.655 42.464
384 37 1.6640000000000001 -1.328
384 13 -1.6280000000000001 13.770999999999999
384 41 2.1590000000000003 -4.691
384 35 5.646 -4.62
384 45 -3.3280000000000003 5.752999999999999
384 39 2.7969999999999997 -4.107
384 5 -5.806 45.402
384 33 9.629 10.921
384 11 -2.5839999999999996 13.488
384 29 -4.832 11.488
384 9 -3.4339999999999997 13.488
384 7 23.188000000000002 44.917
384 25 3.3989999999999996 10.638
384 22 -2.301 23.949
384 27 2.8680000000000003 10.495999999999999
384 20 8.283999999999999 11.488
384 31 -5.257000000000001 11.062999999999999
384 47 3.8939999999999997 -3.522
384 18 1.3619999999999999 -17.983
396 1 12.992 -5.824
396 13 -1.6280000000000001 13.770999999999999
396 11 -2.5839999999999996 13.488
396 7 23.000999999999998 45.003
396 25 3.115 10.921
396 20 8.283999999999999 11.488
396 29 -4.478 11.629000000000001
396 9 -3.4339999999999997 13.488
396 37 1.5930000000000002 -1.328
396 5 -5.806 45.402
396 45 -2.69 5.752999999999999
396 41 2.655 -5.045
396 22 -2.301 24.515
396 35 5.08 -4.5489999999999995
396 33 9.629 10.921
396 31 -4.9030000000000005 11.062999999999999
396 27 2.5839999999999996 10.921
396 18 1.232 -16.453
396 47 3.8939999999999997 -3.522
396 15 -1.735 14.709000000000001
396 39 3.292 -4.39
396 23 2.655 42.038999999999994
396 43 0.08900000000000001 9.912
408 20 8.283999999999999 11.488
408 47 3.8939999999999997 -3.522
408 9 -3.4339999999999997 13.488
408 25 2.832 11.345999999999998
408 27 2.23 11.204
408 15 -1.735 14.709000000000001
408 39 3.7880000000000003 -4.531000000000001
408 33 9.629 10.921
408 7 22.815 45.089
408 31 -4.478 11.062999999999999
408 37 1.5930000000000002 -1.186
408 29 -4.124 11.770999999999999
408 23 2.655 41.614
408 5 -5.806 45.402
408 18 1.102 -14.923
408 43 0.018000000000000002 9.328
408 13 -1.6280000000000001 13.770999999999999
408 35 4.638 -4.5489999999999995
408 41 3.1860000000000004 -5.327999999999999
408 11 -2.5839999999999996 13.488
408 22 -2.301 24.94
408 1 13.417 -5.824
408 45 -2.124 5.894
420 43 -0.053 8.902999999999999
420 25 2.62 11.913
420 20 8.283999999999999 11.488
420 13 -1.6280000000000001 13.770999999999999
420 11 -2.5839999999999996 13.488
420 41 3.717 -5.54
420 22 -2.301 25.506999999999998
420 23 2.655 41.03
420 33 9.629 10.921
420 18 0.972 -13.392999999999999
420 45 -1.4869999999999999 5.894
420 1 13.770999999999999 -5.824
420 31 -4.124 11.204
420 35 4.1419999999999995 -4.407
420 29 -3.753 12.054
420 37 1.5930000000000002 -1.186
420 9 -3.4339999999999997 13.488
420 27 1.9469999999999998 11.629000000000001
420 39 4.284 -4.691
420 7 22.628 45.175
420 15 -1.735 14.709000000000001
420 47 3.8939999999999997 -3.522
432 43 -0.124 8.337
432 33 9.629 10.921
432 45 -0.85 5.894
432 1 14.125 -5.824
432 39 4.779 -4.832
432 13 -1.6280000000000001 13.770999999999999
432 31 -3.753 11.345999999999998
432 7 22.441999999999997 45.26
432 25 2.336 12.337
432 27 1.6640000000000001 11.913
432 9 -3.4339999999999997 13.488
432 35 3.6460000000000004 -4.266
432 11 -2.5839999999999996 13.488
432 23 2.655 40.605
432 18 0.8420000000000001 -11.863
432 29 -3.469 12.196
432 41 4.213 -5.54
432 15 -1.735 14.709000000000001
432 37 1.5930000000000002 -1.186
432 20 8.283999999999999 11.488
432 22 -2.23 25.930999999999997
432 47 3.8939999999999997 -3.522
444 7 22.256 45.347
444 47 3.8939999999999997 -3.522
444 45 -0.195 6.0360000000000005
444 13 -1.6280000000000001 13.770999999999999
444 18 0.7120000000000001 -10.333
444 29 -3.115 12.337
444 22 -2.23 26.355999999999998
444 33 9.629 10.921
444 9 -3.4339999999999997 13.488
444 27 1.381 12.337
444 1 14.55 -5.824
444 35 3.222 -4.266
444 15 -1.735 14.709000000000001
444 37 1.5930000000000002 -1.186
444 11 -2.5839999999999996 13.488
444 25 2.266 12.762
444 39 5.292000000000001 -4.974
444 20 8.283999999999999 11.488
444 41 4.85 -5.682
444 43 -0.195 7.912000000000001
444 31 -3.3989999999999996 11.488
456 29 -2.761 12.479000000000001
456 11 -2.5839999999999996 13.488
456 9 -3.4339999999999997 13.488
456 47 3.8939999999999997 -3.522
456 27 1.31 12.78
456 20 8.283999999999999 11.488
456 22 -2.23 26.94
456 25 2.195 13.062999999999999
456 43 -0.266 7.346
456 31 -3.045 11.629000000000001
456 7 22.069000000000003 45.431999999999995
456 41 5.505 -5.824
456 13 -1.6280000000000001 13.770999999999999
456 39 5.787999999999999 -4.974
456 37 1.5930000000000002 -1.186
456 1 14.904000000000002 -5.824
456 35 2.7260000000000004 -4.124
456 33 9.629 10.921
456 45 0.37200000000000005 6.0360000000000005
456 18 0.5820000000000001 -8.802999999999999
456 15 -1.735 14.709000000000001
468 18 0.452 -7.272
468 13 -1.6280000000000001 13.770999999999999
468 11 -2.5839999999999996 13.488
468 15 -1.735 14.709000000000001
468 7 21.883000000000003 45.518
468 27 1.239 13.205
468 47 3.8939999999999997 -3.522
468 22 -2.23 27.383000000000003
468 25 2.124 13.488
468 9 -3.4339999999999997 13.488
468 43 -0.336 6.921
468 29 -2.62 12.620999999999999
468 31 -2.832 11.629000000000001
468 1 15.276 -5.824
468 45 1.0090000000000001 6.195
468 33 9.629 10.921
468 35 2.23 -3.965
468 37 1.5930000000000002 -1.186
468 39 6.372000000000001 -4.974
468 41 6.16 -5.824
468 20 8.283999999999999 11.488
480 7 21.697 45.604
