1044 72 6.492999999999999 1.182
1044 59 20.302 -9.389
1044 53 7.556 0.531
1044 63 7.144 0.685
1056 53 7.556 0.531
1056 64 7.11 0.685
1056 59 20.302 -9.012
1056 72 6.492999999999999 1.182
1068 53 7.487 0.531
1068 72 6.459 1.165
1068 59 20.302 -8.703
1068 64 7.11 0.685
1080 64 7.093 0.685
1080 53 7.487 0.531
1080 59 20.302 -8.378
1080 72 6.459 1.131
1092 72 6.459 1.131
1092 53 7.487 0.6
1092 64 7.093 0.685
1104 53 7.487 0.6
1104 64 7.024 0.685
1104 72 6.459 1.131
1116 53 7.436 0.6
1116 72 6.459 1.131
1116 64 7.024 0.685
1128 64 7.024 0.685
1128 72 6.425 1.079
1128 53 7.436 0.6
1140 64 6.99 0.685
1140 72 6.425 1.079
1140 53 7.436 0.634
1152 64 6.956 0.685
1152 72 6.425 1.079
1152 53 7.436 0.634
1164 72 6.425 1.045
1164 53 7.436 0.634
1164 64 6.956 0.685
1176 53 7.367000000000001 0.634
1176 72 6.425 1.045
1176 64 6.922000000000001 0.685
1188 53 7.367000000000001 0.634
1188 72 6.391 1.028
1188 64 6.922000000000001 0.685
1200 64 6.905 0.7020000000000001
1200 73 6.391 0.9940000000000001
1200 53 7.367000000000001 0.6
1212 73 6.391 0.9940000000000001
1212 64 6.87 0.7020000000000001
1212 53 7.367000000000001 0.6
1224 73 6.391 0.9940000000000001
1224 53 7.367000000000001 0.6
1224 64 6.87 0.7020000000000001
1236 64 6.87 0.7020000000000001
1236 73 6.391 0.977
1236 54 7.316 0.531
1248 64 6.8020000000000005 0.7020000000000001
1248 54 7.316 0.531
1248 73 6.391 0.977
1260 73 6.356 0.9420000000000001
1260 54 7.316 0.49700000000000005
1260 64 6.8020000000000005 0.7020000000000001
1272 64 6.8020000000000005 0.7020000000000001
1272 54 7.316 0.49700000000000005
1272 73 6.356 0.9079999999999999
1284 54 7.316 0.428
1284 73 6.356 0.9079999999999999
1284 64 6.785 0.7020000000000001
1296 65 6.75 0.7020000000000001
1296 54 7.316 0.428
1296 73 6.356 0.9079999999999999
1308 65 6.75 0.7020000000000001
1308 54 7.316 0.428
1308 73 6.356 0.9079999999999999
1320 65 6.716 0.7020000000000001
1320 54 7.316 0.39399999999999996
1320 73 6.305 0.754
1332 73 6.252999999999999 0.531
1332 65 6.716 0.7020000000000001
1332 54 7.316 0.39399999999999996
1344 73 6.185 0.377
1344 65 6.682 0.7020000000000001
1344 54 7.316 0.39399999999999996
1356 65 6.648 0.7020000000000001
1356 54 7.247000000000001 0.326
1356 73 6.1160000000000005 0.223
1368 54 7.11 0.326
1368 73 5.996 0.017
1368 65 6.648 0.7020000000000001
1380 54 7.059 0.326
1380 65 6.648 0.737
1380 73 5.9110000000000005 -0.20600000000000002
1392 65 6.459 0.617
1392 73 6.151 -0.583
1392 54 6.939 0.257
1404 54 6.8020000000000005 0.257
1404 73 6.218999999999999 -0.634
1404 65 6.3389999999999995 0.514
1416 73 6.287999999999999 -0.737
1416 65 6.202000000000001 0.39399999999999996
1416 54 6.682 0.017
1428 65 6.099 0.29100000000000004
1428 54 6.492999999999999 -0.223
1428 73 6.287999999999999 -0.9590000000000001
1440 54 6.391 -0.326
1440 65 5.962000000000001 0.188
1440 74 6.322 -1.114
1452 54 6.287999999999999 -0.428
1452 65 5.894 0.086
1452 74 6.322 -1.285
1464 54 6.151 -0.531
1464 65 6.099 0.034
1464 74 6.322 -1.319
1476 65 6.271 -0.051
1476 74 6.391 -1.3880000000000001
1488 65 6.459 -0.10300000000000001
1488 74 6.391 -1.3880000000000001
1500 74 6.391 -1.3880000000000001
1500 65 6.648 -0.154
1512 65 6.853 -0.29100000000000004
1512 74 6.356 -1.439
1524 74 6.356 -1.439
1524 65 7.127000000000001 -0.39399999999999996
1536 74 6.356 -1.439
1548 74 6.356 -1.439
1560 74 6.391 -1.439
1572 74 6.391 -1.439
1584 74 6.391 -1.439
1596 74 6.391 -1.439
1608 74 6.391 -1.439
1620 74 6.425 -1.439
1632 74 6.425 -1.439
1644 74 6.4079999999999995 -1.439
1656 74 6.4079999999999995 -1.439
1668 74 6.4079999999999995 -1.439
1680 28 14.94 -12.575
1680 75 6.442 -1.439
1692 28 14.94 -12.575
1692 75 6.442 -1.439
1704 28 15.197000000000001 -12.472999999999999
1704 75 6.442 -1.456
1716 28 15.522 -12.404000000000002
1716 75 6.442 -1.456
1728 28 15.762 -12.300999999999998
1728 75 6.442 -1.456
1740 28 16.002 -12.199000000000002
1740 75 6.476 -1.456
1752 75 6.476 -1.456
1752 28 16.259 -12.027000000000001
1764 28 16.585 -11.65
1764 75 6.476 -1.456
1776 75 6.442 -1.456
1776 28 16.824 -11.342
1788 75 6.459 -1.456
1788 28 17.133 -10.965
1800 75 6.459 -1.456
1800 28 17.39 -10.690999999999999
1812 75 6.459 -1.456
1812 28 17.578 -10.485
1824 28 17.767 -10.211
1824 75 6.459 -1.456
1836 28 17.817999999999998 -9.8
1836 75 6.459 -1.456
1848 28 17.887 -9.423
1848 75 6.492999999999999 -1.456
1860 28 18.024 -8.995
1860 75 6.492999999999999 -1.456
1872 28 17.955 -8.618
1872 75 6.492999999999999 -1.456
1884 28 17.955 -8.189
1884 75 6.492999999999999 -1.456
1896 28 17.955 -7.761
1896 75 6.492999999999999 -1.456
1908 28 17.817999999999998 -7.332999999999999
1908 75 6.528 -1.456
1920 76 6.528 -1.456
1920 29 17.715 -6.853
1932 76 6.528 -1.456
1932 29 17.51 -6.372999999999999
1944 29 17.39 -5.945
1944 76 6.528 -1.456
1956 29 17.338 -5.62
1956 76 6.528 -1.456
1968 29 17.27 -5.311
1968 76 6.528 -1.456
1980 29 17.201 -4.986000000000001
1980 76 6.528 -1.456
1992 29 17.012999999999998 -4.626
1992 76 6.528 -1.456
2004 66 7.144 -1.4909999999999999
2004 76 6.492999999999999 -1.456
2004 29 16.927 -4.249
2016 76 6.492999999999999 -1.456
2016 29 16.893 -3.872
2016 66 7.144 -1.4909999999999999
2028 29 16.859 -3.4610000000000003
2028 66 7.144 -1.4909999999999999
2028 76 6.492999999999999 -1.456
2040 76 6.492999999999999 -1.456
2040 29 16.824 -3.0839999999999996
2040 66 7.144 -1.4909999999999999
2052 29 16.773 -2.673
2052 66 7.144 -1.4909999999999999
2052 76 6.492999999999999 -1.456
2064 29 16.739 -2.296
2064 66 7.144 -1.4909999999999999
2064 76 6.492999999999999 -1.456
2076 29 16.704 -1.919
2076 76 6.459 -1.456
2076 66 7.144 -1.4909999999999999
2088 29 16.67 -1.525
2088 76 6.459 -1.456
2088 66 7.144 -1.4909999999999999
2100 29 16.636 -1.148
2100 66 7.144 -1.4909999999999999
2100 76 6.459 -1.456
2112 29 16.602 -0.72
2112 66 7.144 -1.4909999999999999
2112 76 6.459 -1.456
2124 76 6.459 -1.456
2124 29 16.602 -0.39399999999999996
2124 66 7.144 -1.4909999999999999
2136 76 6.442 -1.456
2136 29 16.67 -0.017
2136 66 7.144 -1.4909999999999999
2148 76 6.442 -1.456
2148 29 16.739 0.36
2148 66 7.144 -1.4909999999999999
2160 66 7.144 -1.4909999999999999
2160 77 6.442 -1.456
2160 30 16.859 0.72
2172 66 7.144 -1.4909999999999999
2172 77 6.442 -1.456
2172 30 16.927 1.0959999999999999
2184 30 16.927 1.473
2184 77 6.476 -1.456
2184 66 7.144 -1.4909999999999999
2196 66 7.144 -1.4909999999999999
2196 30 16.979 1.85
2196 77 6.476 -1.456
2208 66 7.144 -1.4909999999999999
2208 30 17.047 2.227
2208 77 6.442 -1.456
2220 77 6.442 -1.456
2220 66 7.144 -1.4909999999999999
2220 30 17.304000000000002 2.5869999999999997
2232 66 7.144 -1.4909999999999999
2232 77 6.442 -1.456
2232 30 17.613 2.861
2244 67 7.144 -1.4909999999999999
2244 77 6.442 -1.456
2244 30 17.989 3.187
2256 77 6.442 -1.456
2256 30 18.366 3.444
2256 9 15.42 6.425
2256 67 7.144 -1.4909999999999999
2268 67 7.144 -1.4909999999999999
2268 9 15.539000000000001 6.425
2268 77 6.4079999999999995 -1.422
2268 30 18.675 3.718
2280 67 7.144 -1.4909999999999999
2280 30 18.863 3.923
2280 77 6.4079999999999995 -1.422
2280 9 15.728 6.287999999999999
2292 67 7.144 -1.4909999999999999
2292 30 19.086 4.198
2292 77 6.4079999999999995 -1.422
2292 9 15.915999999999999 6.065
2304 9 16.105 5.739
2304 67 7.144 -1.4909999999999999
2304 77 6.4079999999999995 -1.422
2304 30 19.326 4.4030000000000005
2316 67 7.144 -1.4909999999999999
2316 77 6.4079999999999995 -1.422
2316 30 19.531 4.574
2316 9 16.225 5.3629999999999995
2328 77 6.4079999999999995 -1.422
2328 30 19.771 4.626
2328 9 16.293 5.226
2328 67 7.144 -1.4909999999999999
2340 77 6.372999999999999 -1.422
2340 30 20.011 4.677
2340 9 16.482 4.883
2340 67 7.144 -1.4909999999999999
2352 9 16.602 4.4719999999999995
2352 30 20.148 4.626
2352 77 6.372999999999999 -1.422
2352 67 7.144 -1.4909999999999999
2364 67 7.144 -1.4909999999999999
2364 30 20.217 4.626
2364 77 6.391 -1.422
2364 9 16.67 4.129
2376 9 16.67 3.889
2376 77 6.391 -1.422
2376 67 7.144 -1.4909999999999999
2376 30 20.217 4.626
2388 9 16.602 3.512
2388 77 6.391 -1.422
2388 30 20.217 4.677
2388 67 7.144 -1.4909999999999999
2400 31 20.217 4.677
2400 67 7.144 -1.4909999999999999
2400 9 16.602 3.2889999999999997
2412 31 20.217 4.729
2412 9 16.67 3.17
2412 67 7.144 -1.4909999999999999
2424 9 16.67 2.861
2424 67 7.144 -1.4909999999999999
2424 31 20.217 4.78
2436 67 7.144 -1.4909999999999999
2436 9 16.602 2.073
2436 31 20.217 4.831
2448 67 7.144 -1.4909999999999999
2448 9 16.602 1.525
2448 31 20.217 4.883
2460 67 7.144 -1.4909999999999999
2460 9 16.602 1.216
2460 31 20.217 4.883
2472 67 7.144 -1.4909999999999999
2472 9 16.602 0.84
2472 31 20.217 4.9510000000000005
2484 31 20.217 5.003
2484 9 16.55 0.46299999999999997
2496 31 20.250999999999998 5.053999999999999
2496 10 16.482 0.086
2508 31 20.182000000000002 5.037
2508 10 16.379 -0.257
2520 31 20.182000000000002 5.037
2520 10 16.293 -0.583
2532 10 16.242 -0.925
2532 31 20.182000000000002 5.037
2544 10 16.242 -1.3019999999999998
2544 31 20.148 5.037
2556 10 16.242 -1.73
2556 31 20.148 5.037
2568 10 16.242 -2.1069999999999998
2568 31 20.148 5.053999999999999
2580 10 16.345 -2.484
2580 31 20.114 5.053999999999999
2592 10 16.413 -2.895
2592 31 20.114 5.053999999999999
2604 31 20.08 5.053999999999999
2604 10 16.482 -3.221
2616 31 20.08 5.053999999999999
2616 10 16.55 -3.5980000000000003
2628 10 16.619 -3.975
2628 31 20.08 5.088
2640 10 16.722 -4.3
2640 32 20.063 5.088
2652 32 20.063 5.088
2652 10 16.79 -4.609
2664 10 17.047 -4.934
2664 32 20.063 5.088
2676 10 17.304000000000002 -5.26
2676 32 20.028 5.088
2688 32 20.028 5.106
2688 10 17.424 -5.568
2700 10 17.544 -5.996
2700 32 20.028 5.106
2712 32 19.994 5.106
2712 10 17.613 -6.372999999999999
2724 10 17.75 -6.8020000000000005
2724 32 19.994 5.106
2736 32 19.994 5.106
2736 11 17.784000000000002 -7.127000000000001
2748 32 19.96 5.106
2748 11 17.784000000000002 -7.452999999999999
2760 32 19.96 5.14
2760 11 17.784000000000002 -7.761
2772 32 19.96 5.14
2772 11 17.784000000000002 -8.087
2784 32 19.925 5.14
2784 11 17.784000000000002 -8.412
2796 11 17.921 -8.823
2796 32 19.925 5.14
2808 11 18.058 -9.269
2808 32 19.925 5.14
2820 11 18.109 -9.749
2820 32 19.925 5.157
2832 11 18.109 -10.228
2832 32 19.925 5.157
2844 32 19.924 5.155
2844 11 18.160999999999998 -10.588
2856 32 19.921 5.149
2856 11 18.160999999999998 -10.811
2868 11 18.160999999999998 -11.085
2868 32 19.918 5.144
2880 11 18.109 -11.342
2880 33 19.915 5.138
2892 33 19.912 5.132999999999999
2892 11 18.058 -11.667
2904 11 17.989 -12.095999999999998
2904 33 19.909000000000002 5.127000000000001
2916 11 17.989 -12.627
2916 33 19.906 5.121
2928 11 17.921 -13.004000000000001
2928 33 19.902 5.1160000000000005
2940 11 17.921 -13.312000000000001
2940 33 19.899 5.11
2952 11 17.921 -13.638
2952 33 19.896 5.105
2964 11 17.921 -13.963
2964 33 19.893 5.099
2976 33 19.89 5.093999999999999
2988 33 19.887 5.088
3000 33 19.884 5.082
3000 15 6.185 -1.3019999999999998
3012 33 19.881 5.0760000000000005
3012 15 6.185 -1.3019999999999998
3024 33 19.878 5.071000000000001
3024 15 6.185 -1.3019999999999998
3036 33 19.875 5.065
3036 15 6.185 -1.3019999999999998
3048 33 19.871 5.06
3048 15 6.185 -1.3019999999999998
3060 33 19.868 5.053999999999999
3060 15 6.185 -1.3019999999999998
3072 15 6.185 -1.3019999999999998
3072 33 19.865 5.0489999999999995
3084 33 19.862000000000002 5.043
3084 15 6.185 -1.3019999999999998
3096 33 19.859 5.037
3096 15 6.185 -1.3019999999999998
3108 33 19.855999999999998 5.032
3108 15 6.185 -1.3019999999999998
3120 15 6.185 -1.3019999999999998
3120 34 19.852999999999998 5.026
3132 34 19.85 5.021
3132 15 6.185 -1.3019999999999998
3144 34 19.847 5.015
3144 15 6.185 -1.3019999999999998
3156 15 6.185 -1.3019999999999998
3156 34 19.844 5.0089999999999995
3168 15 6.185 -1.3019999999999998
3168 34 19.84 5.004
3180 15 6.185 -1.3019999999999998
3180 34 19.771 4.9510000000000005
3192 34 19.703 4.883
3192 15 6.185 -1.3019999999999998
3204 15 6.185 -1.3019999999999998
3204 34 19.634 4.883
3216 15 6.185 -1.3019999999999998
3216 34 19.634 4.831
3228 15 6.185 -1.3019999999999998
3228 34 19.583 4.78
3240 16 6.185 -1.3019999999999998
3240 34 19.531 4.78
3252 16 6.185 -1.3019999999999998
3252 34 19.463 4.729
3264 34 19.463 4.677
3264 16 6.185 -1.3019999999999998
3276 34 19.394000000000002 4.677
3276 16 6.185 -1.3019999999999998
3288 34 19.154 4.574
3288 16 6.185 -1.3019999999999998
3300 16 6.185 -1.3019999999999998
3300 34 18.88 4.4030000000000005
3312 34 18.572 4.146
3312 16 6.185 -1.3019999999999998
3324 34 18.332 3.7689999999999997
3324 16 6.185 -1.3019999999999998
3336 34 18.024 3.512
3336 16 6.185 -1.3019999999999998
3348 16 6.185 -1.3019999999999998
3348 34 17.647000000000002 3.135
3360 16 6.185 -1.3019999999999998
3360 35 17.407 2.758
3372 16 6.185 -1.3019999999999998
3372 35 17.133 2.4330000000000003
3384 16 6.185 -1.3019999999999998
3384 35 16.893 2.1069999999999998
3396 16 6.185 -1.3019999999999998
3396 35 16.653 1.73
3408 16 6.185 -1.3019999999999998
3408 35 16.379 1.422
3420 16 6.185 -1.3019999999999998
3420 35 16.139 1.0959999999999999
3432 35 16.276 0.46299999999999997
3432 16 6.185 -1.3019999999999998
3444 16 6.185 -1.3019999999999998
3444 35 16.276 0.188
3456 16 6.185 -1.3019999999999998
3456 35 16.276 -0.12
3468 35 16.276 -0.6679999999999999
3468 16 6.185 -1.3019999999999998
3480 35 16.208 -1.045
3480 17 6.185 -1.3019999999999998
3492 35 16.276 -1.456
3492 17 6.185 -1.3019999999999998
3504 17 6.185 -1.3530000000000002
3504 35 16.276 -2.056
3516 35 16.362000000000002 -2.536
3516 17 6.185 -1.3530000000000002
3528 17 6.185 -1.3530000000000002
3528 35 16.43 -2.998
3540 17 6.185 -1.3530000000000002
3540 35 16.482 -3.478
3552 17 6.185 -1.3530000000000002
3552 35 16.602 -3.6839999999999997
3564 17 6.185 -1.3530000000000002
3564 35 16.739 -3.855
3576 35 16.859 -4.198
3576 17 6.185 -1.3530000000000002
3576 26 -2.313 6.356
3588 35 17.184 -4.643
3588 26 -2.364 6.356
3588 17 6.185 -1.3530000000000002
3600 36 17.493 -4.849
3600 26 -2.4330000000000003 6.4079999999999995
3600 17 6.185 -1.3880000000000001
3612 17 6.185 -1.3880000000000001
3612 36 17.87 -5.122999999999999
3612 26 -2.176 6.151
3624 17 6.185 -1.3880000000000001
3624 26 -1.867 5.928
3624 36 18.178 -5.431
3636 36 18.418 -5.671
3636 26 -1.5590000000000002 5.671
3636 17 6.185 -1.3880000000000001
3648 26 -1.182 5.397
3648 36 18.623 -5.877000000000001
3648 17 6.185 -1.3880000000000001
3660 36 18.795 -6.185
3660 26 -0.737 5.122999999999999
3660 17 6.185 -1.3880000000000001
3672 17 6.185 -1.3880000000000001
3672 26 -0.49700000000000005 4.917
3672 36 19.0 -6.492999999999999
3684 17 6.218999999999999 -1.439
3684 26 -0.24 4.712
3684 36 19.102999999999998 -7.247000000000001
3696 36 19.24 -7.624
3696 17 6.218999999999999 -1.439
3696 26 0.069 4.489
3696 38 16.516 -18.349
3708 17 6.218999999999999 -1.439
3708 38 16.944000000000003 -18.332
3708 26 0.39399999999999996 4.283
3708 36 19.36 -7.624
3720 36 19.429000000000002 -8.104
3720 18 6.218999999999999 -1.439
3720 38 17.201 -18.332
3720 26 0.7020000000000001 4.06
3732 18 6.218999999999999 -1.439
3732 26 1.011 3.855
3732 36 19.429000000000002 -8.755
3732 38 17.458 -18.332
3744 36 19.206 -9.372
3744 18 6.218999999999999 -1.439
3744 38 17.767 -18.092
3744 26 1.319 3.6319999999999997
3756 36 19.086 -9.68
3756 18 6.218999999999999 -1.439
3756 26 1.645 3.375
3756 38 17.972 -17.801
3768 18 6.252999999999999 -1.473
3768 38 18.109 -17.493
3768 36 19.086 -9.954
3768 26 2.022 3.2039999999999997
3780 26 2.399 3.1010000000000004
3780 38 18.298 -17.218
3780 36 19.086 -10.331
3780 18 6.252999999999999 -1.473
3792 26 2.7760000000000002 2.947
3792 38 18.418 -16.91
3792 36 19.017 -10.759
3792 18 6.252999999999999 -1.473
3804 26 3.015 2.7760000000000002
3804 36 18.897000000000002 -11.119000000000002
3804 38 18.675 -16.533
3804 18 6.252999999999999 -1.473
3816 27 3.2039999999999997 2.6210000000000004
3816 38 19.052 -16.362000000000002
3816 36 18.521 -11.445
3816 18 6.252999999999999 -1.473
3828 18 6.252999999999999 -1.473
3828 27 3.4610000000000003 2.467
3828 36 18.144000000000002 -11.77
3828 38 19.309 -16.088
3840 37 17.767 -11.873
3840 27 3.7689999999999997 2.296
3840 18 6.252999999999999 -1.473
3840 38 19.514 -15.814
3852 27 4.146 2.09
3852 37 17.458 -11.924000000000001
3852 38 19.651 -15.574000000000002
3852 18 6.252999999999999 -1.473
3864 38 19.805999999999997 -15.334000000000001
3864 18 6.287999999999999 -1.508
3864 37 17.15 -11.924000000000001
3864 27 4.523 1.867
3876 38 19.96 -15.094000000000001
3876 18 6.287999999999999 -1.508
3876 27 4.9 1.662
3876 37 16.773 -11.975999999999999
3888 27 5.277 1.3880000000000001
3888 37 16.447 -12.13
3888 18 6.287999999999999 -1.508
3888 38 20.114 -14.854000000000001
3900 37 16.105 -12.232999999999999
3900 18 6.287999999999999 -1.508
3900 27 5.585 1.234
3900 38 20.182000000000002 -14.477
3912 37 15.796 -12.335999999999999
3912 38 20.217 -14.135
3912 27 5.894 1.028
3912 18 6.287999999999999 -1.508
3924 38 20.217 -13.792
3924 18 6.287999999999999 -1.508
3924 37 15.488 -12.437999999999999
3924 27 6.218999999999999 0.805
3936 39 20.250999999999998 -13.484000000000002
3936 37 15.163 -12.49
3936 18 6.287999999999999 -1.508
3936 27 6.528 0.7020000000000001
3948 18 6.287999999999999 -1.5419999999999998
3948 39 20.285 -13.158
3948 27 6.836 0.48
3948 37 14.923 -12.437999999999999
3960 37 14.734000000000002 -12.37
3960 27 7.144 0.27399999999999997
3960 39 20.302 -12.832
3972 39 20.337 -12.49
3972 27 7.401 0.0
3972 37 14.665999999999999 -12.37
3984 27 7.778 0.0
3984 37 14.546 -12.49
3984 39 20.302 -12.25
3996 27 8.035 -0.257
3996 37 14.477 -12.540999999999999
3996 39 20.285 -11.993
4008 37 14.614 -12.437999999999999
4008 27 8.275 -0.531
4008 39 20.217 -11.667
4020 37 14.665999999999999 -12.37
4020 39 20.182000000000002 -11.342
4020 27 8.601 -0.685
4032 39 20.08 -11.015999999999998
4032 27 8.908999999999999 -0.8740000000000001
4032 37 14.665999999999999 -12.37
4044 37 14.665999999999999 -12.37
4044 27 9.183 -1.045
4044 39 20.08 -10.742
4056 37 14.665999999999999 -12.37
4056 39 20.08 -10.485
4068 39 20.08 -10.228
4068 37 14.665999999999999 -12.37
4080 39 20.08 -9.954
4092 39 20.08 -9.646
4104 39 20.08 -9.269
4116 39 20.028 -8.926
4128 39 19.96 -8.618
4140 39 19.96 -8.309
4152 39 19.96 -7.9670000000000005
4164 39 19.96 -7.6579999999999995
5496 3 6.3389999999999995 -1.473
5508 3 6.3389999999999995 -1.473
5520 3 6.3389999999999995 -1.473
5532 3 6.3389999999999995 -1.473
5544 3 6.3389999999999995 -1.473
5556 3 6.3389999999999995 -1.473
5568 3 6.3389999999999995 -1.473
5580 3 6.3389999999999995 -1.473
5592 3 6.3389999999999995 -1.473
5592 1 19.994 -4.797
5604 3 6.3389999999999995 -1.473
5604 1 20.028 -5.106
5616 3 6.3389999999999995 -1.473
5616 1 19.823 -5.517
5628 1 19.686 -5.928
5628 3 6.3389999999999995 -1.473
5640 3 6.3389999999999995 -1.473
5640 1 19.617 -6.1160000000000005
5652 3 6.3389999999999995 -1.473
5652 1 19.497 -6.699
5664 3 6.3389999999999995 -1.473
5664 1 19.36 -7.281000000000001
5676 1 19.24 -7.83
5676 3 6.3389999999999995 -1.473
5688 3 6.3389999999999995 -1.473
5688 1 19.172 -8.087
5700 1 19.102999999999998 -8.378
5700 3 6.3389999999999995 -1.473
5712 3 6.3389999999999995 -1.473
5712 1 19.052 -8.806000000000001
5724 1 19.0 -9.235
5724 3 6.3389999999999995 -1.473
5736 1 18.675 -9.714
5736 4 6.3389999999999995 -1.473
5748 4 6.3389999999999995 -1.473
5748 1 18.418 -9.971
5760 1 18.212 -10.228
5760 4 6.3389999999999995 -1.473
5772 4 6.3389999999999995 -1.473
5772 1 17.955 -10.485
5784 1 17.732 -10.742
5784 4 6.3389999999999995 -1.473
5796 1 17.493 -11.015999999999998
5796 4 6.3389999999999995 -1.473
5808 1 17.236 -11.255999999999998
5808 4 6.3389999999999995 -1.473
5820 1 17.012999999999998 -11.495999999999999
5820 4 6.3389999999999995 -1.473
5832 4 6.3389999999999995 -1.473
5844 4 6.3389999999999995 -1.473
5856 4 6.3389999999999995 -1.473
5868 4 6.3389999999999995 -1.473
5880 4 6.3389999999999995 -1.473
5892 4 6.3389999999999995 -1.473
5904 4 6.3389999999999995 -1.473
5916 4 6.3389999999999995 -1.473
5928 4 6.3389999999999995 -1.473
5940 4 6.3389999999999995 -1.473
5952 4 6.3389999999999995 -1.473
5964 4 6.3389999999999995 -1.473
5976 5 6.3389999999999995 -1.473
5988 5 6.3389999999999995 -1.473
6000 5 6.3389999999999995 -1.473
6012 5 6.271 -1.4909999999999999
6024 5 6.271 -1.4909999999999999
6036 5 6.271 -1.4909999999999999
6048 5 6.271 -1.4909999999999999
6060 5 6.271 -1.4909999999999999
6072 5 6.271 -1.4909999999999999
6084 5 6.271 -1.4909999999999999
6096 5 6.271 -1.4909999999999999
6108 5 6.271 -1.4909999999999999
6120 5 6.271 -1.4909999999999999
6132 5 6.271 -1.4909999999999999
6144 5 6.271 -1.4909999999999999
6156 5 6.271 -1.4909999999999999
6168 5 6.271 -1.4909999999999999
6180 5 6.271 -1.4909999999999999
6192 5 6.271 -1.4909999999999999
6204 5 6.271 -1.4909999999999999
6216 6 6.271 -1.4909999999999999
6228 6 6.271 -1.4909999999999999
6240 6 6.271 -1.4909999999999999
6252 6 6.271 -1.4909999999999999
6264 6 6.271 -1.4909999999999999
6276 6 6.218999999999999 -1.525
6288 6 6.218999999999999 -1.525
6300 6 6.218999999999999 -1.525
6312 6 6.218999999999999 -1.525
6324 6 6.218999999999999 -1.525
6336 6 6.218999999999999 -1.525
6348 6 6.218999999999999 -1.525
6360 6 6.218999999999999 -1.525
6372 6 6.218999999999999 -1.525
6384 6 6.218999999999999 -1.525
6396 6 6.218999999999999 -1.525
6408 6 6.218999999999999 -1.525
6420 6 6.218999999999999 -1.525
6432 6 6.218999999999999 -1.525
6444 6 6.218999999999999 -1.525
6816 13 -23.866 4.215
6828 13 -23.78 4.283
6840 13 -23.54 4.215
6852 13 -23.351999999999997 4.112
6864 13 -22.787 3.906
6876 13 -22.41 3.906
6888 13 -22.033 3.803
6900 13 -21.587 3.735
6912 13 -21.159000000000002 3.6319999999999997
6924 13 -20.730999999999998 3.5980000000000003
6936 13 -20.285 3.4610000000000003
6948 13 -19.84 3.358
6960 13 -19.394000000000002 3.324
6972 13 -19.017 3.221
6984 13 -18.589000000000002 3.1519999999999997
6996 13 -18.160999999999998 3.05
7008 13 -17.680999999999997 2.964
7020 13 -17.218 2.878
7032 13 -16.704 2.81
7044 13 -16.242 2.707
7056 14 -15.762 2.6210000000000004
7068 14 -15.317 2.536
7080 14 -14.837 2.45
7092 14 -14.392000000000001 2.416
7104 14 -14.135 2.519
7116 14 -13.963 2.69
7128 14 -13.585999999999999 2.6210000000000004
7140 14 -13.209000000000001 2.45
7152 14 -12.901 2.519
7164 14 -12.524000000000001 2.6210000000000004
7176 14 -12.147 2.7239999999999998
7188 14 -11.77 2.793
7200 14 -11.392999999999999 2.827
7212 14 -10.948 2.895
7224 14 -10.502 2.93
7236 14 -10.023 2.93
7248 14 -9.509 2.827
7260 14 -8.943 2.758
7272 14 -8.892000000000001 2.656
7284 14 -8.823 2.536
7308 40 6.185 -1.405
7320 40 6.372999999999999 -1.508
7332 40 6.1160000000000005 -1.5759999999999998
7344 40 6.1160000000000005 -1.3530000000000002
7356 40 6.185 -1.148
7368 40 6.185 -0.925
7380 40 6.1160000000000005 -0.72
7392 40 5.928 -0.445
7404 40 5.808 -0.24
7416 40 5.62 0.034
7428 40 5.5 0.308
7440 40 5.3629999999999995 0.6679999999999999
7452 40 5.207999999999999 1.045
7464 40 5.053999999999999 1.473
7476 40 4.9 1.85
7488 40 5.02 2.124
7500 40 5.277 2.279
7512 40 5.465 2.416
7524 40 5.654 2.553
7536 40 5.8420000000000005 2.69
7548 41 6.1160000000000005 2.9130000000000003
7560 41 6.372999999999999 3.17
7572 41 6.682 3.409
7584 41 6.87 3.615
7596 41 7.024 3.718
7608 41 6.905 3.992
7620 41 6.716 4.369
7632 41 6.528 4.677
7644 41 6.271 4.883
7656 41 6.031000000000001 5.053999999999999
7668 41 5.774 5.157
7680 41 5.585 5.26
7692 41 5.397 5.327999999999999
7704 41 5.397 5.327999999999999
7716 41 5.327999999999999 5.327999999999999
7728 41 5.327999999999999 5.3629999999999995
7740 41 5.327999999999999 5.3629999999999995
7752 41 5.327999999999999 5.3629999999999995
7764 41 5.327999999999999 5.3629999999999995
7776 41 5.327999999999999 5.3629999999999995
7788 42 5.327999999999999 5.3629999999999995
7800 42 5.327999999999999 5.3629999999999995
7812 42 5.327999999999999 5.3629999999999995
7824 42 5.327999999999999 5.3629999999999995
7836 42 5.327999999999999 5.3629999999999995
7848 42 5.327999999999999 5.3629999999999995
7860 42 5.327999999999999 5.3629999999999995
7872 42 5.327999999999999 5.3629999999999995
7884 42 5.327999999999999 5.3629999999999995
7896 42 5.327999999999999 5.3629999999999995
7908 42 5.327999999999999 5.3629999999999995
7920 42 5.327999999999999 5.3629999999999995
7932 42 5.327999999999999 5.3629999999999995
7944 42 5.327999999999999 5.3629999999999995
7956 42 5.327999999999999 5.3629999999999995
7968 42 5.327999999999999 5.3629999999999995
7980 42 5.327999999999999 5.3629999999999995
7992 42 5.327999999999999 5.3629999999999995
8004 42 5.327999999999999 5.327999999999999
8016 42 5.327999999999999 5.327999999999999
8028 43 5.327999999999999 5.327999999999999
8040 43 5.327999999999999 5.327999999999999
8052 43 5.3629999999999995 5.327999999999999
8064 43 5.3629999999999995 5.327999999999999
8076 43 5.3629999999999995 5.294
8088 43 5.397 5.294
8100 43 5.397 5.294
8112 43 5.397 5.294
8124 43 5.414 5.294
8136 43 5.414 5.26
8148 43 5.414 5.26
8160 43 5.414 5.26
8172 43 5.482 5.26
8184 43 5.482 5.26
8196 43 5.482 5.242999999999999
8208 43 5.517 5.242999999999999
8220 43 5.517 5.242999999999999
8232 43 5.517 5.242999999999999
8244 43 5.551 5.242999999999999
8256 43 5.551 5.242999999999999
8268 44 5.551 5.207999999999999
8280 44 5.551 5.207999999999999
8292 44 5.585 5.207999999999999
8304 44 5.585 5.207999999999999
8316 44 5.585 5.207999999999999
8328 44 5.517 5.157
8340 44 5.397 5.157
8352 44 5.327999999999999 5.157
8364 44 5.277 5.157
8376 44 5.277 5.157
8388 44 5.207999999999999 5.207999999999999
8400 44 5.207999999999999 5.207999999999999
8412 44 5.14 5.207999999999999
8424 44 5.14 5.26
8436 44 5.088 5.26
8448 44 5.088 5.311
8460 44 5.088 5.106
8472 44 5.088 4.883
8484 44 5.088 4.677
8496 44 5.088 4.4719999999999995
8496 22 -21.346999999999998 1.199
8496 24 -20.182000000000002 1.5590000000000002
8508 22 -21.346999999999998 0.857
8508 45 5.157 4.369
8508 24 -20.182000000000002 1.5590000000000002
8520 24 -20.182000000000002 1.5590000000000002
8520 22 -21.346999999999998 0.857
8520 21 20.148 -12.300999999999998
8520 45 5.191 4.198
8532 21 20.148 -12.815
8532 24 -20.182000000000002 1.5590000000000002
8532 45 5.191 4.043
8532 22 -21.346999999999998 0.805
8544 21 19.891 -12.540999999999999
8544 45 5.191 3.821
8544 22 -21.346999999999998 0.805
8544 24 -20.182000000000002 1.5590000000000002
8556 45 5.191 3.615
8556 21 19.583 -12.49
8556 22 -21.346999999999998 0.754
8556 24 -20.182000000000002 1.5590000000000002
8568 21 19.274 -12.49
8568 45 5.191 3.392
8568 24 -20.182000000000002 1.5590000000000002
8568 22 -21.346999999999998 0.754
8580 45 5.294 3.187
8580 24 -20.182000000000002 1.5590000000000002
8580 21 19.017 -12.49
8580 22 -21.346999999999998 0.7020000000000001
8592 24 -20.182000000000002 1.5590000000000002
8592 22 -21.346999999999998 0.7020000000000001
8592 45 5.3629999999999995 2.9130000000000003
8592 21 18.521 -12.49
8604 24 -20.182000000000002 1.5590000000000002
8604 45 5.5 2.656
8604 22 -21.399 0.7020000000000001
8604 21 18.075 -12.49
8616 24 -20.182000000000002 1.5590000000000002
8616 45 5.568 2.381
8616 22 -21.399 0.7020000000000001
8616 21 17.835 -12.335999999999999
8628 21 17.51 -12.49
8628 45 5.671 2.176
8628 24 -20.182000000000002 1.5590000000000002
8628 22 -21.467 0.7020000000000001
8640 21 17.201 -12.37
8640 24 -20.182000000000002 1.5590000000000002
8640 45 5.808 2.005
8640 22 -21.467 0.7020000000000001
8652 24 -20.182000000000002 1.5590000000000002
8652 45 5.877000000000001 1.7990000000000002
8652 22 -21.467 0.754
8652 21 16.824 -12.267000000000001
8664 21 16.396 -12.232999999999999
8664 22 -21.399 0.805
8664 24 -20.182000000000002 1.5590000000000002
8664 45 5.979 1.5759999999999998
8676 21 16.139 -12.335999999999999
8676 45 6.047999999999999 1.371
8676 22 -21.346999999999998 0.857
8676 24 -20.182000000000002 1.5590000000000002
8688 21 15.762 -12.335999999999999
8688 24 -20.182000000000002 1.5590000000000002
8688 45 6.1160000000000005 1.0959999999999999
8688 22 -21.346999999999998 0.857
8700 21 15.505 -12.335999999999999
8700 45 6.305 0.8909999999999999
8700 24 -20.182000000000002 1.5590000000000002
8700 22 -21.346999999999998 0.805
8712 22 -21.346999999999998 0.805
8712 21 15.334000000000001 -12.335999999999999
8712 45 6.492999999999999 0.617
8712 24 -20.182000000000002 1.5590000000000002
8724 24 -20.182000000000002 1.5590000000000002
8724 45 6.682 0.41100000000000003
8724 22 -21.346999999999998 0.754
8724 21 15.008 -12.335999999999999
8736 25 -20.182000000000002 1.5590000000000002
8736 23 -21.346999999999998 0.754
8736 45 6.682 0.36
8736 21 14.957 -12.335999999999999
8748 21 14.888 -12.335999999999999
8748 25 -20.182000000000002 1.5590000000000002
8748 46 6.682 0.36
8748 23 -21.346999999999998 0.7020000000000001
8760 25 -20.182000000000002 1.5590000000000002
8760 46 6.63 0.29100000000000004
8760 23 -21.346999999999998 0.7020000000000001
8772 46 6.63 0.24
8772 25 -20.182000000000002 1.5590000000000002
8772 23 -21.399 0.7020000000000001
8784 46 6.63 0.24
8784 25 -20.182000000000002 1.5590000000000002
8784 23 -21.399 0.7020000000000001
8796 25 -20.182000000000002 1.5590000000000002
8796 23 -21.399 0.754
8796 46 6.63 0.188
8808 23 -21.399 0.754
8808 46 6.63 0.188
8808 25 -20.182000000000002 1.5590000000000002
8820 25 -20.182000000000002 1.5590000000000002
8820 23 -21.399 0.754
8820 46 6.63 0.13699999999999998
8832 23 -21.399 0.805
8832 25 -20.182000000000002 1.5590000000000002
8832 46 6.63 0.086
8844 25 -20.182000000000002 1.5590000000000002
8844 46 6.733 -0.017
8844 23 -21.399 0.805
8856 23 -21.399 0.805
8856 25 -20.182000000000002 1.5590000000000002
8856 46 6.87 -0.12
8868 23 -21.399 0.754
8868 25 -20.182000000000002 1.5590000000000002
8868 46 7.007000000000001 -0.24
8880 46 7.178999999999999 -0.445
8880 23 -21.399 0.754
8880 25 -20.182000000000002 1.5590000000000002
8892 46 7.3839999999999995 -0.6679999999999999
8892 23 -21.399 0.7020000000000001
8892 25 -20.182000000000002 1.5590000000000002
8904 25 -20.182000000000002 1.5590000000000002
8904 46 7.487 -0.8220000000000001
8904 23 -21.399 0.6509999999999999
8916 46 7.487 -0.925
8916 25 -20.182000000000002 1.5590000000000002
8916 23 -21.399 0.583
8928 25 -20.182000000000002 1.5590000000000002
8928 46 7.178999999999999 -1.148
8928 23 -21.399 0.583
8940 23 -21.399 0.583
8940 25 -20.182000000000002 1.5590000000000002
8940 46 7.316 -1.199
8952 46 7.247000000000001 -1.3019999999999998
8952 25 -20.182000000000002 1.5590000000000002
8952 23 -21.399 0.583
8964 46 7.255 -1.2990000000000002
8964 25 -20.182000000000002 1.5590000000000002
8964 23 -21.399 0.583
8976 46 7.275 -1.291
8988 47 7.295 -1.284
9000 47 7.315 -1.276
9012 47 7.335 -1.2690000000000001
9012 50 0.8740000000000001 -1.234
9024 50 0.8740000000000001 -1.165
9024 47 7.354 -1.261
9036 50 0.9420000000000001 -0.857
9036 47 7.374 -1.254
9048 50 0.9420000000000001 -0.531
9048 47 7.394 -1.246
9060 47 7.414 -1.239
9060 50 0.9420000000000001 -0.20600000000000002
9072 47 7.434 -1.232
9072 50 0.7709999999999999 -0.10300000000000001
9084 47 7.452999999999999 -1.224
9084 50 0.634 0.0
9096 50 0.514 0.10300000000000001
9096 47 7.473 -1.216
9108 50 0.39399999999999996 0.27399999999999997
9108 47 7.492999999999999 -1.209
9120 50 0.257 0.377
9120 47 7.513 -1.2009999999999998
9132 50 0.13699999999999998 0.48
9132 47 7.5329999999999995 -1.194
9144 47 7.5520000000000005 -1.186
9144 50 0.017 0.583
9156 47 7.572 -1.179
9156 50 -0.051 0.685
9168 50 -0.051 0.805
9168 47 7.5920000000000005 -1.171
9180 47 7.612 -1.1640000000000001
9180 50 0.017 0.857
9192 47 7.632000000000001 -1.156
9192 50 0.017 0.925
9204 47 7.652 -1.149
9204 50 0.017 0.925
9216 50 0.017 0.925
9216 47 7.671 -1.141
9228 50 0.017 0.857
9228 48 7.691 -1.1340000000000001
9240 48 7.711 -1.126
9240 50 0.017 0.857
9252 51 0.017 0.857
9252 48 7.731 -1.119
9264 48 7.693 -1.114
9264 51 -0.051 0.805
9276 48 7.487 -0.9420000000000001
9276 51 -0.051 0.805
9288 48 7.367000000000001 -0.8220000000000001
9288 51 -0.051 0.805
9300 48 7.212999999999999 -0.6679999999999999
9300 51 -0.051 0.754
9312 51 -0.051 0.754
9312 48 7.024 -0.49700000000000005
9324 51 -0.051 0.754
9324 48 6.905 -0.39399999999999996
9336 51 -0.12 0.685
9336 48 6.716 -0.29100000000000004
9348 51 -0.24 0.6509999999999999
9348 48 6.528 -0.188
9360 48 6.391 -0.017
9360 51 -0.29100000000000004 0.583
9372 48 6.065 0.24
9372 51 -0.36 0.5479999999999999
9384 51 -0.49700000000000005 0.48
9384 19 -3.735 1.148
9384 48 5.859 0.46299999999999997
9396 19 -4.0089999999999995 1.148
9396 51 -0.428 0.48
9396 48 5.859 0.514
9408 48 5.739 0.6679999999999999
9408 51 -0.565 0.583
9408 19 -4.249 1.148
9420 48 5.482 0.84
9420 51 -0.737 0.805
9420 19 -4.489 1.148
9432 48 5.242999999999999 1.045
9432 51 -0.805 0.6509999999999999
9432 19 -4.934 1.148
9444 19 -5.38 1.148
9444 48 4.986000000000001 1.216
9444 51 -0.805 0.5479999999999999
9456 51 -0.9420000000000001 0.48
9456 48 4.746 1.422
9456 19 -5.757000000000001 1.216
9468 51 -1.045 0.583
9468 19 -6.202000000000001 1.216
9468 49 4.489 1.5759999999999998
9480 49 4.249 1.7990000000000002
9480 51 -1.182 0.6509999999999999
9480 19 -6.6129999999999995 1.251
9492 52 -1.251 0.754
9492 49 3.992 1.953
9492 19 -7.059 1.251
9504 52 -1.251 0.685
9504 19 -7.504 1.319
9504 49 3.7689999999999997 2.176
9516 19 -7.984 1.456
9516 52 -1.182 0.685
9516 49 3.5639999999999996 2.416
9528 52 -1.148 0.6679999999999999
9528 49 3.324 2.656
9528 19 -8.412 1.5759999999999998
9540 52 -1.0959999999999999 0.6509999999999999
9540 49 3.135 2.878
9540 19 -8.892000000000001 1.7480000000000002
9552 49 2.93 3.1010000000000004
9552 52 -1.062 0.617
9552 19 -9.337 1.885
9564 52 -0.9940000000000001 0.583
9564 19 -9.817 1.9869999999999999
9564 49 2.707 3.358
9576 49 2.519 3.615
9576 52 -0.925 0.565
9576 12 18.486 -18.041
9576 19 -10.297 2.124
9588 52 -0.9079999999999999 0.565
9588 12 18.743 -17.989
9588 19 -10.725 2.244
9588 49 2.296 3.855
9600 52 -0.84 0.565
9600 12 18.795 -17.613
9600 49 2.1069999999999998 4.0089999999999995
9600 19 -11.102 2.313
9612 12 18.932000000000002 -17.304000000000002
9612 49 1.9869999999999999 4.232
9612 19 -11.41 2.313
9612 52 -0.7709999999999999 0.565
9624 12 19.052 -16.927
9624 52 -0.7709999999999999 0.565
9624 20 -11.787 2.347
9624 49 1.7990000000000002 4.386
9636 52 -0.7020000000000001 0.565
9636 12 19.052 -16.602
9636 49 1.61 4.609
9636 20 -12.095999999999998 2.347
9648 52 -0.7020000000000001 0.565
9648 12 19.052 -16.242
9648 20 -12.472999999999999 2.347
9648 49 1.4909999999999999 4.746
9660 20 -12.540999999999999 2.347
9660 12 19.052 -15.865
9660 52 -0.634 0.617
9660 49 1.285 4.968999999999999
9672 49 1.114 5.122999999999999
9672 52 -0.6 0.617
9672 12 19.052 -15.488
9672 20 -12.61 2.347
9684 52 -0.6 0.617
9684 12 19.052 -15.043
9684 20 -12.73 2.313
9684 49 1.045 5.294
9696 52 -0.531 0.617
9696 49 1.045 5.294
9696 12 19.052 -14.665999999999999
9696 20 -12.798 2.313
9708 20 -12.85 2.313
9708 52 -0.531 0.617
9708 12 19.052 -14.254000000000001
9720 20 -12.918 2.244
9720 52 -0.46299999999999997 0.617
9720 12 19.052 -13.825999999999999
9732 12 19.052 -13.398
9732 20 -12.987 2.244
9744 12 19.12 -12.918
9744 20 -13.055 2.244
9756 12 19.172 -12.437999999999999
9756 20 -13.227 2.244
9768 12 19.172 -12.01
9768 20 -13.484000000000002 2.244
9780 20 -13.741 2.313
9780 12 19.24 -11.633
9792 20 -13.98 2.313
9792 12 19.36 -11.376
9804 12 19.429000000000002 -11.102
9804 20 -14.237 2.347
9816 20 -14.546 2.347
9828 20 -14.802999999999999 2.347
9840 20 -15.043 2.416
9852 20 -15.3 2.416
