264 12 -29.71 21.611
264 45 6.355 37.395
264 55 14.475999999999999 17.734
264 68 -14.200999999999999 24.273000000000003
264 50 -30.237 20.074
264 49 -0.413 17.986
264 67 21.978 20.258
264 63 15.463 21.932
264 21 -21.381999999999998 23.285999999999998
264 57 15.187999999999999 15.623
264 15 18.789 -10.943
264 39 18.331 12.343
264 53 15.532 37.464
264 30 22.254 22.276999999999997
264 41 -2.5469999999999997 35.881
264 27 -14.522 23.034000000000002
264 6 -6.584 35.721
264 32 20.487 21.52
264 31 20.441 20.235
264 48 2.9819999999999998 22.941999999999997
264 24 -14.545 21.840999999999998
276 48 2.891 22.436999999999998
276 15 18.789 -10.026
276 6 -6.584 35.721
276 68 -13.788 24.135
276 61 4.657 -19.34
276 57 14.866 15.623
276 24 -14.132 21.840999999999998
276 21 -20.831 23.285999999999998
276 59 25.534000000000002 17.941
276 67 22.46 20.258
276 31 20.854 20.235
276 53 15.807 37.969
276 50 -29.664 20.074
276 32 20.9 21.52
276 45 6.08 37.051
276 12 -29.389 21.611
276 41 -2.638 35.881
276 27 -14.200999999999999 23.034000000000002
276 63 15.623 22.436999999999998
276 49 0.069 18.078
276 30 22.826999999999998 22.276999999999997
276 55 14.155 17.734
276 39 18.399 12.343
288 50 -29.182 19.914
288 24 -13.788 21.68
288 30 23.331999999999997 22.276999999999997
288 21 -20.327 23.103
288 59 24.869 16.977
288 61 4.336 -19.845
288 67 22.941999999999997 20.258
288 39 18.399 12.343
288 32 21.405 21.52
288 55 13.811 17.734
288 53 16.035999999999998 38.474000000000004
288 31 21.267 20.235
288 41 -2.638 35.881
288 45 5.85 36.73
288 57 14.522 15.623
288 6 -6.676 35.721
288 12 -29.066999999999997 21.428
288 68 -13.467 24.135
288 15 18.698 -9.177
288 48 2.822 21.932
288 49 0.48200000000000004 18.078
288 63 15.784 22.941999999999997
288 27 -13.788 22.85
300 61 4.107 -20.212
300 53 16.266 38.841
300 16 18.605999999999998 -8.511000000000001
300 31 21.772 20.097
300 48 2.822 21.588
300 49 0.7340000000000001 17.895
300 50 -28.677 19.914
300 67 23.447 20.258
300 57 14.132 15.623
300 32 21.886999999999997 21.336
300 27 -13.467 22.85
300 59 24.386999999999997 16.793
300 45 5.598 36.385999999999996
300 21 -19.776 23.103
300 6 -6.676 35.721
300 30 23.791 22.093000000000004
300 55 13.536 17.734
300 12 -28.723000000000003 21.244
300 40 18.399 12.343
300 24 -13.444 21.68
300 63 15.968 23.263
300 41 -2.638 35.881
300 68 -13.054 24.135
312 48 2.661 20.923000000000002
312 12 -28.379 21.107
312 41 -2.6839999999999997 35.881
312 58 13.765 15.623
312 16 18.605999999999998 -8.007
312 45 5.345 36.042
312 24 -13.123 21.68
312 61 3.762 -20.717
312 50 -28.173000000000002 19.914
312 49 0.987 17.574
312 21 -19.179000000000002 23.103
312 27 -13.145999999999999 22.85
312 63 16.035999999999998 23.768
312 6 -6.745 35.721
312 56 13.215 17.734
312 40 18.399 12.343
312 53 16.541 39.345
312 59 23.814 16.472
312 68 -12.732999999999999 23.951
324 64 16.197 24.135
324 16 18.605999999999998 -7.318
324 40 18.399 12.343
324 56 12.802 17.551
324 58 13.375 15.44
324 12 -27.989 21.107
324 61 3.51 -20.945999999999998
324 59 23.309 16.289
324 50 -27.714000000000002 19.914
324 49 1.216 17.206
324 41 -2.6839999999999997 35.881
324 53 16.771 39.85
324 48 2.501 20.258
324 21 -18.629 23.103
324 24 -12.802 21.68
324 45 5.024 35.721
324 6 -6.745 35.721
324 68 -12.412 23.951
324 27 -12.825 22.85
336 40 18.399 12.343
336 24 -12.389000000000001 21.52
336 27 -12.412 22.69
336 53 17.0 40.171
336 59 22.826999999999998 16.289
336 68 -11.999 23.768
336 49 1.629 17.206
336 21 -18.124000000000002 23.103
336 41 -2.6839999999999997 35.881
336 61 3.1889999999999996 -21.29
336 58 12.985 15.44
336 50 -27.209 19.914
336 16 18.605999999999998 -6.814
336 56 12.389000000000001 17.551
336 48 2.34 19.569000000000003
336 45 4.703 35.216
336 64 16.289 24.456
336 12 -27.645 20.923000000000002
336 7 -6.676 35.721
348 56 11.975999999999999 17.39
348 12 -27.324 20.74
348 40 18.399 12.343
348 68 -11.677 23.768
348 45 4.382 34.711
348 7 -6.4239999999999995 35.721
348 21 -17.574 23.103
348 24 -12.067 21.52
348 59 22.345 16.289
348 42 -2.6839999999999997 35.721
348 58 12.572000000000001 15.44
348 16 18.605999999999998 -6.309
348 50 -26.704 19.753
348 48 2.157 19.065
348 61 2.8680000000000003 -21.634
348 64 16.358 24.776999999999997
348 53 17.275 40.676
348 27 -12.09 22.69
348 49 2.042 17.069000000000003
360 16 18.605999999999998 -5.803999999999999
360 45 4.061 34.367
360 42 -2.638 35.537
360 61 2.9610000000000003 -21.503
360 40 18.399 12.343
360 28 -11.677 22.69
360 25 -11.655 21.52
360 59 21.772 16.289
360 53 17.505 41.181000000000004
360 64 16.449 25.144000000000002
360 58 12.159 15.302
360 21 -16.977 23.103
360 50 -26.154 19.753
360 69 -11.264000000000001 23.63
360 62 12.457 -2.592
360 56 11.562999999999999 17.229
360 7 -6.194 35.721
360 12 -27.003 20.74
372 16 18.605999999999998 -5.138999999999999
372 7 -5.942 35.721
372 62 12.32 -3.281
372 28 -11.356 22.529
372 64 16.518 25.465999999999998
372 56 11.15 17.229
372 42 -2.455 35.537
372 69 -10.943 23.63
372 58 11.745999999999999 15.302
372 40 18.399 12.343
372 50 -25.649 19.753
372 12 -26.177 20.74
372 53 17.734 41.501999999999995
372 59 21.267 16.289
372 25 -11.287 21.336
372 45 3.877 33.702
372 21 -16.472 23.103
372 61 3.072 -21.346
384 69 -10.53 23.63
384 62 12.228 -3.969
384 45 3.785 33.196999999999996
384 28 -10.943 22.529
384 59 20.785 16.197
384 12 -25.328000000000003 20.74
384 22 -16.012999999999998 22.941999999999997
384 56 10.690999999999999 17.046
384 7 -6.103 35.721
384 40 18.399 12.182
384 16 18.605999999999998 -4.6339999999999995
384 25 -10.92 21.336
384 53 18.009 42.007
384 50 -25.144000000000002 19.753
384 58 11.333 15.119000000000002
384 64 16.61 25.787
384 42 -2.363 35.376
384 61 3.1839999999999997 -21.188000000000002
396 58 10.92 15.119000000000002
396 64 16.61 25.97
396 56 10.277999999999999 16.885
396 53 18.239 42.511
396 59 20.212 16.059
396 12 -24.938000000000002 20.74
396 62 12.159 -4.474
396 69 -10.209 23.447
396 50 -24.915 19.569000000000003
396 22 -15.738 22.781
396 42 -2.638 35.216
396 25 -10.552999999999999 21.336
396 45 3.717 32.509
396 28 -10.599 22.529
396 7 -6.837000000000001 35.216
396 61 3.2960000000000003 -21.03
396 40 18.331 11.838
396 16 18.605999999999998 -4.13
408 69 -9.842 23.447
408 45 3.464 32.004
408 50 -25.144000000000002 19.248
408 40 18.239 11.677
408 61 3.407 -20.873
408 58 10.507 15.119000000000002
408 64 16.61 25.97
408 42 -3.281 35.032
408 25 -10.14 21.175
408 16 18.605999999999998 -3.625
408 12 -25.259 20.418
408 62 12.067 -4.978
408 53 18.468 43.016000000000005
408 22 -15.509 22.436999999999998
408 7 -7.617000000000001 34.803000000000004
408 28 -10.255 22.345
408 56 9.865 16.885
408 59 19.547 15.876
420 56 9.452 16.725
420 40 18.17 11.333
420 45 3.051 31.683000000000003
420 42 -3.923 34.872
420 59 18.973 15.876
420 58 10.094 14.935
420 62 12.067 -5.483
420 7 -7.707999999999999 34.803000000000004
420 61 3.5189999999999997 -20.715
420 50 -25.006999999999998 19.065
420 64 16.518 25.97
420 22 -15.325 22.093000000000004
420 28 -9.842 22.345
420 69 -9.475 23.263
420 25 -9.818999999999999 21.175
420 12 -24.984 20.097
420 54 18.652 43.521
420 16 18.605999999999998 -2.96
432 7 -7.707999999999999 34.803000000000004
432 28 -9.521 22.345
432 25 -9.406 21.175
432 12 -24.616999999999997 19.73
432 42 -4.015 34.872
432 64 16.518 25.97
432 61 3.6310000000000002 -20.558000000000003
432 45 2.661 31.178
432 59 18.331 15.876
432 62 12.067 -5.9879999999999995
432 54 18.881 44.026
432 16 18.605999999999998 -2.455
432 58 9.773 14.798
432 50 -24.686 18.904
432 69 -9.107999999999999 23.263
432 40 18.032 11.173
432 56 9.039 16.541
432 22 -15.095999999999998 21.932
444 59 17.711 15.876
444 7 -7.707999999999999 34.803000000000004
444 16 18.605999999999998 -1.95
444 25 -9.039 21.015
444 45 2.248 30.834
444 54 19.157 44.53
444 42 -4.107 34.872
444 61 3.742 -20.4
444 22 -14.866 21.588
444 40 18.032 11.173
444 62 12.067 -6.653
444 69 -8.695 23.125
444 50 -24.364 18.744
444 28 -9.107999999999999 22.185
444 12 -24.226999999999997 19.73
444 56 8.718 16.381
444 58 9.36 14.614
444 64 16.449 25.97
456 40 18.032 11.333
456 62 12.067 -7.1579999999999995
456 61 3.8539999999999996 -20.243
456 42 -4.175 34.872
456 12 -23.745 19.73
456 54 19.386 45.035
456 46 1.835 30.329
456 58 8.947000000000001 14.43
456 16 18.605999999999998 -1.262
456 59 17.046 15.876
456 64 16.449 25.787
456 25 -8.672 21.015
456 22 -14.545 21.428
456 56 8.305 16.22
456 7 -7.707999999999999 34.803000000000004
456 28 -8.787 22.185
456 50 -23.951 18.56
456 69 -8.374 23.125
468 25 -8.305 20.831
468 46 1.354 30.008000000000003
468 62 12.067 -7.662999999999999
468 13 -23.331999999999997 19.73
468 51 -23.493000000000002 18.56
468 54 19.569000000000003 45.54
468 69 -7.961 23.125
468 22 -13.949000000000002 21.428
468 28 -8.374 22.024
468 7 -7.707999999999999 34.803000000000004
468 40 17.941 11.333
468 16 18.605999999999998 -0.757
468 61 3.966 -20.085
468 64 16.358 25.787
468 42 -4.244 34.872
468 56 7.892 16.22
468 58 8.626 14.362
468 59 16.403 15.784
480 42 -4.244 35.032
480 22 -13.398 21.428
480 59 15.715 15.623
480 62 12.067 -8.167
480 7 -7.707999999999999 34.803000000000004
480 40 17.941 11.333
480 61 4.077 -19.928
480 69 -7.64 22.941999999999997
480 54 19.799 46.044
480 16 18.605999999999998 -0.252
480 25 -7.892 20.831
480 64 16.289 25.787
480 51 -22.988000000000003 18.468
480 46 0.8490000000000001 29.664
480 56 7.479 16.035999999999998
480 58 8.213 14.200999999999999
480 13 -22.826999999999998 19.73
480 28 -8.052999999999999 22.024
492 58 7.8 14.017999999999999
492 64 16.289 25.787
492 69 -7.227 22.941999999999997
492 40 17.895 11.173
492 56 7.066 15.876
492 28 -7.64 22.024
492 13 -22.414 19.660999999999998
492 16 18.605999999999998 0.22899999999999998
492 51 -22.506 18.468
492 42 -4.244 35.032
492 46 0.36700000000000005 29.159000000000002
492 59 15.417 15.555
492 54 20.028 46.549
492 25 -7.571000000000001 20.831
492 7 -7.707999999999999 34.803000000000004
492 22 -12.802 21.428
492 61 4.189 -19.77
492 62 12.067 -8.672
504 69 -6.906000000000001 22.758000000000003
504 54 20.372 46.733000000000004
504 51 -22.024 18.468
504 16 18.56 0.826
504 59 14.912 15.463
504 61 4.301 -19.613
504 46 -0.20600000000000002 28.815
504 56 6.699 15.532
504 62 12.067 -9.337
504 22 -12.251 21.428
504 13 -21.932 19.592
504 40 17.895 10.989
504 7 -7.707999999999999 34.619
504 42 -4.244 34.964
504 64 16.289 25.649
504 28 -7.273 21.840999999999998
504 58 7.479 13.857000000000001
504 25 -7.135 20.671
516 62 12.067 -9.842
516 60 14.200999999999999 15.463
516 22 -11.655 21.428
516 25 -6.63 20.671
516 54 20.74 47.146
516 64 16.289 25.649
516 16 18.605999999999998 1.17
516 28 -6.791 21.840999999999998
516 69 -6.447 22.758000000000003
516 7 -7.433 34.619
516 51 -21.52 18.468
516 56 6.47 15.119000000000002
516 40 17.895 10.989
516 46 -0.711 28.654
516 13 -21.451 19.592
516 42 -4.061 34.964
516 58 7.296 13.696
528 62 12.113 -10.439
528 25 -6.125 20.601999999999997
528 22 -11.104000000000001 21.428
528 13 -20.945999999999998 19.592
528 64 16.289 25.649
528 56 6.263 14.683
528 42 -3.8310000000000004 34.964
528 7 -7.296 34.619
528 58 7.112 13.444
528 28 -6.309 21.68
528 54 21.107 47.582
528 51 -20.991999999999997 18.468
528 46 -1.193 28.494
528 69 -5.942 22.69
528 40 17.895 10.989
528 16 18.629 1.5830000000000002
528 60 13.605 15.463
540 7 -7.112 34.619
540 46 -1.7209999999999999 28.31
540 54 21.52 47.995
540 13 -20.441 19.592
540 51 -20.51 18.468
540 25 -5.644 20.51
540 60 13.054 15.463
540 42 -3.694 34.964
540 28 -5.803999999999999 21.68
540 69 -5.437 22.69
540 17 18.605999999999998 1.9269999999999998
540 56 6.034 14.27
540 64 16.289 25.649
540 58 6.906000000000001 13.26
540 62 12.159 -10.943
540 22 -10.507 21.428
552 46 -2.202 28.15
552 7 -6.928 34.619
552 60 12.435 15.279000000000002
552 28 -5.3229999999999995 21.588
552 42 -3.51 34.872
552 69 -4.978 22.621
552 64 16.289 25.649
552 17 18.56 2.4090000000000003
552 25 -5.162000000000001 20.418
552 13 -19.937 19.592
552 54 21.886999999999997 48.407
552 62 12.205 -11.54
552 22 -9.957 21.428
552 51 -19.982 18.468
564 42 -3.327 34.872
564 62 12.251 -12.113
564 46 -2.707 27.989
564 13 -19.432000000000002 19.500999999999998
564 22 -9.36 21.428
564 7 -6.699 34.619
564 69 -4.565 22.529
564 51 -19.477999999999998 18.56
564 54 22.254 48.751999999999995
564 60 11.953 15.279000000000002
564 25 -4.657 20.418
564 65 16.289 25.557
564 17 18.422 2.9139999999999997
564 28 -4.795 21.428
576 17 18.147000000000002 3.418
576 8 -6.561 34.619
576 13 -18.904 19.500999999999998
576 51 -18.927 18.56
576 60 11.448 15.187999999999999
576 65 16.289 25.557
576 46 -3.281 27.829
576 28 -4.29 21.428
576 42 -3.1430000000000002 34.872
576 62 12.251 -12.71
576 22 -8.81 21.428
576 25 -4.175 20.235
576 69 -4.061 22.529
576 54 22.621 49.188
588 17 17.918 3.923
588 54 23.034000000000002 49.6
588 8 -6.332000000000001 34.619
588 22 -8.213 21.428
588 46 -3.762 27.645
588 69 -3.602 22.345
588 60 10.943 15.119000000000002
588 51 -18.468 18.56
588 65 16.289 25.557
588 25 -3.694 20.235
588 62 12.274000000000001 -13.306
588 13 -18.422 19.500999999999998
588 28 -3.8080000000000003 21.267
588 43 -3.005 34.78
600 65 16.358 25.465999999999998
600 22 -7.662999999999999 21.428
600 51 -17.918 18.56
600 17 17.688 4.2669999999999995
600 70 -3.097 22.345
600 60 10.439 15.05
600 29 -3.327 21.267
600 26 -3.1889999999999996 20.097
600 54 23.401 49.922
600 43 -2.822 34.78
600 46 -4.2669999999999995 27.484
600 13 -17.872 19.500999999999998
600 8 -6.148 34.619
612 51 -17.413 18.744
612 60 9.934 14.866
612 13 -17.39 19.409000000000002
612 70 -2.661 22.276999999999997
612 8 -5.965 34.619
612 22 -7.066 21.428
612 46 -4.795 27.324
612 29 -2.7760000000000002 21.084
612 43 -2.592 34.78
612 54 23.768 50.358000000000004
612 17 17.275 4.611000000000001
612 26 -2.707 20.097
612 65 16.358 25.374000000000002
624 70 -2.225 22.185
624 46 -5.277 27.14
624 13 -16.725 19.409000000000002
624 26 -2.202 20.005
624 60 9.429 14.866
624 8 -5.781000000000001 34.528
624 43 -2.4090000000000003 34.711
624 29 -2.294 20.991999999999997
624 17 16.771 4.933
624 54 24.135 50.678999999999995
624 51 -16.771 18.744
624 65 16.358 25.374000000000002
624 23 -6.516 21.428
636 65 16.358 25.374000000000002
636 26 -1.7209999999999999 19.914
636 8 -5.5520000000000005 34.528
636 29 -1.7890000000000001 20.923000000000002
636 70 -1.7209999999999999 22.093000000000004
636 43 -2.248 34.711
636 60 8.97 14.775
636 17 16.358 5.277
636 46 -5.781000000000001 26.98
636 54 24.548000000000002 51.183
636 23 -5.919 21.428
636 51 -16.128 18.744
636 13 -16.174 19.409000000000002
648 8 -5.414 34.528
648 13 -15.509 19.409000000000002
648 26 -1.239 19.822
648 65 16.358 25.374000000000002
648 60 8.466000000000001 14.683
648 17 15.945 5.621
648 51 -15.509 18.744
648 29 -1.308 20.854
648 23 -5.367999999999999 21.428
648 43 -2.088 34.711
648 70 -1.216 22.093000000000004
648 46 -6.103 26.819000000000003
648 54 24.892 51.596000000000004
660 26 -0.688 19.822
660 51 -14.889000000000001 18.904
660 29 -0.78 20.854
660 17 15.623 6.125
660 13 -14.935 19.409000000000002
660 8 -5.185 34.528
660 60 7.961 14.614
660 11 -32.027 16.725
660 43 -1.881 34.711
660 23 -4.772 21.428
660 70 -0.7340000000000001 22.093000000000004
660 46 -6.263 26.636
660 65 16.358 25.374000000000002
672 43 -1.7209999999999999 34.619
672 26 -0.138 20.005
672 8 -5.047 34.528
672 13 -14.293 19.409000000000002
672 51 -14.247 18.904
672 19 25.488000000000003 -3.028
672 17 15.394 6.791
672 70 -0.161 22.345
672 20 12.113 5.781000000000001
672 23 -4.175 21.588
672 60 7.502000000000001 14.614
672 46 -6.4239999999999995 26.636
672 29 -0.275 20.991999999999997
672 11 -31.636999999999997 16.816
672 65 16.358 25.305
684 29 0.275 21.359
684 19 24.984 -3.2119999999999997
684 23 -3.1889999999999996 21.772
684 11 -30.903000000000002 16.954
684 20 12.779000000000002 5.781000000000001
684 26 0.45899999999999996 20.327
684 43 -1.56 34.619
684 70 0.39 22.69
684 65 16.358 25.305
684 17 15.05 7.296
684 13 -13.696 19.409000000000002
684 46 -6.584 26.475
684 60 7.1579999999999995 14.614
684 8 -4.795 34.528
684 51 -13.605 18.904
696 19 24.433000000000003 -3.533
696 26 1.193 20.601999999999997
696 13 -13.054 19.409000000000002
696 11 -29.205 17.459
696 51 -12.962 18.904
696 60 6.906000000000001 14.683
696 65 16.449 25.213
696 29 1.055 21.68
696 70 1.216 22.941999999999997
696 17 14.798 7.961
696 23 -2.1790000000000003 21.932
696 8 -4.6339999999999995 34.528
696 47 -6.516 26.314
696 43 -1.354 34.619
696 72 25.03 15.05
696 20 13.421 5.781000000000001
696 10 -32.532 17.229
696 71 25.166999999999998 16.381
708 19 23.928 -3.785
708 17 14.522 8.466000000000001
708 70 2.202 23.125
708 60 6.676 14.775
708 29 2.042 22.000999999999998
708 43 -1.147 34.528
708 10 -31.499000000000002 17.39
708 65 16.449 25.213
708 8 -4.4510000000000005 34.528
708 47 -6.011 26.131
708 23 -1.193 22.093000000000004
708 52 -11.860999999999999 19.065
708 71 24.479 16.541
708 20 14.062999999999999 5.781000000000001
708 11 -27.506999999999998 17.964000000000002
708 14 -11.494000000000002 19.660999999999998
708 72 24.386999999999997 15.370999999999999
708 26 2.157 20.923000000000002
720 19 23.424 -4.13
720 47 -5.529 26.131
720 10 -30.26 17.734
720 72 23.721999999999998 15.555
720 70 3.1889999999999996 23.263
720 60 6.401 14.775
720 52 -10.966 19.065
720 17 14.200999999999999 9.154
720 11 -25.764 18.399
720 20 14.568 5.781000000000001
720 73 25.58 47.32899999999999
720 14 -10.484000000000002 19.822
720 71 23.768 16.725
720 23 -0.36700000000000005 22.276999999999997
720 26 3.1660000000000004 21.336
720 8 -4.221 34.528
720 65 16.449 25.121
720 43 -0.987 34.528
720 29 3.074 22.368000000000002
732 52 -10.300999999999998 19.248
732 23 0.436 22.436999999999998
732 14 -9.818999999999999 20.005
732 65 16.449 25.121
732 29 3.556 22.368000000000002
732 60 6.08 14.775
732 72 23.103 15.784
732 71 23.057 16.885
732 19 22.965 -4.474
732 11 -24.594 18.399
732 47 -5.598 25.81
732 43 -0.826 34.528
732 70 3.694 23.263
732 10 -29.066999999999997 18.239
732 26 3.625 21.336
732 73 24.846 46.48
732 17 13.88 9.818999999999999
732 8 -4.038 34.528
732 20 15.05 5.781000000000001
744 52 -9.567 19.409000000000002
744 19 22.46 -4.978
744 72 22.46 16.059
744 11 -23.447 18.399
744 8 -3.8080000000000003 34.528
744 26 4.13 21.336
744 65 16.449 25.121
744 14 -9.154 20.166
744 17 13.559000000000001 10.324000000000002
744 23 1.239 22.598000000000003
744 73 24.112 45.632
744 71 22.414 17.046
744 60 5.85 14.683
744 29 4.107 22.368000000000002
744 10 -27.92 18.491
744 20 15.532 5.781000000000001
744 43 -0.574 34.459
744 70 4.175 23.263
744 47 -5.69 25.465999999999998
756 10 -26.956999999999997 18.491
756 71 21.68 17.229
756 19 22.046999999999997 -5.3
756 72 21.795 16.289
756 8 -3.487 34.528
756 20 16.035999999999998 5.712999999999999
756 47 -5.781000000000001 25.121
756 43 -0.252 34.459
756 17 13.467 10.989
756 26 4.6339999999999995 21.428
756 14 -8.511000000000001 20.327
756 73 23.378 44.806000000000004
756 23 1.9269999999999998 22.598000000000003
756 70 4.657 23.447
756 11 -22.529 18.239
756 29 4.657 22.506
756 52 -8.924 19.569000000000003
756 65 16.449 25.121
756 33 25.076 15.715
768 43 0.161 34.459
768 23 2.432 22.598000000000003
768 20 16.541 5.712999999999999
768 47 -5.85 24.8
768 70 5.162000000000001 23.447
768 29 5.207999999999999 22.506
768 8 -3.074 34.528
768 73 23.011 44.301
768 10 -26.061999999999998 18.491
768 52 -8.236 19.753
768 71 21.038 17.39
768 14 -7.8229999999999995 20.51
768 19 21.634 -5.803999999999999
768 65 16.449 25.03
768 11 -21.726 18.239
768 26 5.093 21.428
768 72 21.151999999999997 16.472
768 17 13.329 11.494000000000002
768 33 24.433000000000003 15.876
780 11 -20.923000000000002 18.055
780 33 23.837 16.035999999999998
780 70 5.712999999999999 23.63
780 26 5.69 21.588
780 47 -5.896 24.616999999999997
780 14 -7.181 20.671
780 52 -7.547999999999999 19.914
780 29 5.757999999999999 22.69
780 20 17.023 5.712999999999999
780 19 21.13 -6.148
780 10 -25.121 18.491
780 23 2.891 22.436999999999998
780 73 22.988000000000003 43.957
780 43 0.252 34.367
780 8 -2.9819999999999998 34.528
780 65 16.449 25.03
780 18 13.192 11.999
780 71 20.717 17.39
780 72 20.74 16.472
792 71 20.304000000000002 17.39
792 52 -6.814 19.914
792 47 -6.2860000000000005 24.456
792 33 23.378 16.035999999999998
792 73 22.826999999999998 43.613
792 14 -6.492999999999999 20.671
792 72 20.372 16.381
792 18 13.145999999999999 12.503
792 8 -2.9139999999999997 34.528
792 43 0.321 34.367
792 23 3.395 22.276999999999997
792 20 17.551 5.712999999999999
792 26 6.194 21.428
792 19 20.761999999999997 -6.653
792 70 6.2170000000000005 23.447
792 10 -24.386999999999997 18.308
792 65 16.518 24.961
792 29 6.263 22.506
792 11 -20.189 18.055
804 71 19.959 17.39
804 8 -2.822 34.528
804 20 17.918 5.207999999999999
804 26 6.653 21.267
804 29 6.768 22.368000000000002
804 19 20.349 -7.1579999999999995
804 52 -6.171 20.074
804 72 19.959 16.381
804 70 6.722 23.355
804 23 3.9 22.276999999999997
804 11 -19.363 17.895
804 73 22.666999999999998 43.291000000000004
804 33 22.873 15.876
804 14 -5.85 20.831
804 43 0.321 34.367
804 10 -23.768 18.308
804 47 -6.63 24.296
804 18 13.008 13.192
804 66 16.518 24.961
816 33 22.46 15.876
816 19 20.074 -7.8229999999999995
816 9 -2.753 34.528
816 72 19.592 16.289
816 29 7.227 22.185
816 66 16.518 24.961
816 70 7.204 23.194000000000003
816 26 7.1579999999999995 21.267
816 73 22.552 42.946999999999996
816 10 -23.194000000000003 18.308
816 52 -5.437 20.258
816 23 4.359 22.093000000000004
816 18 12.915999999999999 13.696
816 47 -6.974 24.112
816 14 -5.162000000000001 21.015
816 20 18.331 4.772
816 43 0.413 34.367
816 11 -18.537 17.895
816 71 19.637999999999998 17.39
828 70 7.686 23.103
828 23 4.955 22.093000000000004
828 14 -4.657 21.015
828 9 -2.661 34.528
828 72 19.179000000000002 16.128
828 11 -17.711 17.895
828 44 0.45899999999999996 34.367
828 26 7.662999999999999 21.084
828 18 12.847000000000001 14.200999999999999
828 19 19.845 -8.511000000000001
828 52 -4.933 20.258
828 33 21.955 15.715
828 29 7.731 22.000999999999998
828 10 -22.552 18.147000000000002
828 71 19.225 17.39
828 66 16.518 24.892
828 73 22.414 42.695
828 20 18.56 4.107
828 47 -7.296 23.951
840 44 0.48200000000000004 34.367
840 33 21.497 15.715
840 66 16.518 24.892
840 14 -4.244 21.015
840 23 5.437 21.932
840 9 -2.615 34.528
840 18 12.687000000000001 14.706
840 73 22.254 42.443000000000005
840 52 -4.474 20.258
840 10 -21.978 18.147000000000002
840 11 -17.069000000000003 17.734
840 71 18.904 17.39
840 19 19.524 -9.177
840 72 18.812 16.128
840 47 -7.617000000000001 23.791
840 20 18.652 3.418
852 14 -3.8310000000000004 21.015
852 33 20.991999999999997 15.532
852 47 -7.938 23.607
852 10 -21.359 18.147000000000002
852 72 18.422 16.035999999999998
852 44 0.528 34.367
852 71 18.491 17.39
852 19 19.248 -9.842
852 20 18.789 2.7760000000000002
852 18 12.503 15.210999999999999
852 66 16.518 24.892
852 73 22.139 42.098
852 9 -2.524 34.528
852 11 -16.518 17.551
852 23 5.919 21.772
852 52 -4.061 20.074
864 73 22.000999999999998 41.869
864 47 -8.351 23.607
864 10 -20.717 18.147000000000002
864 33 20.579 15.370999999999999
864 18 12.182 15.715
864 66 16.518 24.892
864 9 -2.455 34.528
864 44 0.596 34.367
864 71 18.147000000000002 17.39
864 20 18.858 2.088
864 52 -3.556 20.074
864 19 19.019000000000002 -10.53
864 14 -3.4410000000000003 20.831
864 11 -15.968 17.551
864 72 18.009 16.035999999999998
876 47 -8.856 23.607
876 33 20.074 15.370999999999999
876 14 -3.028 20.831
876 44 0.596 34.367
876 11 -15.370999999999999 17.39
876 52 -3.1430000000000002 19.914
876 73 21.840999999999998 41.501999999999995
876 66 16.518 24.8
876 20 18.927 1.399
876 9 -2.386 34.528
876 19 18.927 -11.196
876 18 11.953 16.035999999999998
876 10 -20.12 18.147000000000002
876 71 17.757 17.229
876 72 17.596 15.876
888 9 -2.294 34.528
888 14 -2.5469999999999997 20.831
888 18 11.632 16.449
888 33 19.615 15.210999999999999
888 10 -19.637999999999998 18.147000000000002
888 11 -14.866 17.39
888 66 16.61 24.708000000000002
888 72 17.184 15.876
888 20 18.927 0.757
888 19 18.927 -11.860999999999999
888 44 0.688 34.367
888 71 17.344 17.229
888 47 -9.314 23.607
888 73 21.726 41.273
888 52 -2.661 19.753
900 20 18.927 0.069
900 71 16.930999999999997 17.229
900 66 16.61 24.708000000000002
900 10 -19.065 18.308
900 14 -2.134 20.671
900 18 11.287 16.885
900 52 -2.1790000000000003 19.753
900 72 16.862000000000002 15.876
900 47 -9.818999999999999 23.791
900 33 19.111 15.210999999999999
900 44 0.78 34.436
900 9 -2.202 34.619
900 19 18.927 -12.366
900 73 21.541999999999998 40.928000000000004
912 71 16.541 17.229
912 47 -10.324000000000002 23.791
912 10 -18.491 18.308
912 33 18.698 15.027000000000001
912 66 16.61 24.708000000000002
912 73 21.451 40.676
912 14 -1.7209999999999999 20.671
912 9 -1.973 34.459
912 18 10.966 17.320999999999998
912 44 0.872 34.298
912 52 -1.767 19.569000000000003
912 72 16.449 15.876
924 66 16.61 24.708000000000002
924 9 -1.881 34.459
924 44 0.941 34.298
924 71 16.128 17.229
924 52 -1.262 19.569000000000003
924 10 -18.009 18.491
924 72 16.035999999999998 15.715
924 33 18.192999999999998 14.866
924 47 -10.806 23.791
924 18 10.622 17.642
924 14 -1.308 20.671
924 73 21.313000000000002 40.355
936 33 17.734 14.866
936 9 -2.1109999999999998 34.459
936 14 -0.895 20.51
936 52 -0.8490000000000001 19.409000000000002
936 66 16.61 24.616999999999997
936 44 0.688 34.298
936 73 21.13 40.08
936 18 10.300999999999998 18.055
948 9 -2.524 34.275
948 73 21.084 39.85
948 66 16.61 24.616999999999997
948 44 0.45899999999999996 34.298
948 18 10.072000000000001 18.468
948 33 17.229 14.706
960 44 0.20600000000000002 34.298
960 9 -3.028 34.115
960 66 16.61 24.616999999999997
960 33 16.816 14.706
960 18 9.75 18.835
972 18 9.75 19.157
972 66 16.61 24.616999999999997
972 33 16.312 14.522
972 9 -1.7209999999999999 34.275
972 44 1.6059999999999999 33.61
984 44 1.354 33.931
984 9 -1.973 34.275
984 18 9.818999999999999 19.409000000000002
984 33 15.853 14.362
984 66 16.702 24.616999999999997
996 44 1.101 34.298
996 18 9.75 19.914
996 66 16.702 24.616999999999997
996 9 -2.202 34.459
1008 44 0.941 34.298
1008 18 9.613 20.418
1008 66 16.771 24.8
1008 9 -2.455 34.459
1020 66 16.839000000000002 24.8
1020 9 -2.6839999999999997 34.551
1020 44 0.688 34.367
1032 66 17.023 25.121
1032 9 -2.9819999999999998 34.688
1032 44 0.45899999999999996 34.459
1044 9 -3.281 34.78
1044 44 0.20600000000000002 34.459
1056 44 0.0 34.551
