288 34 11.379000000000001 18.147000000000002
288 8 -28.173000000000002 20.258
288 22 -10.622 53.615
288 25 -7.984 7.892
288 11 -11.953 18.331
288 41 -26.544 21.840999999999998
288 15 -26.383000000000003 20.418
288 38 -27.965999999999998 20.923000000000002
288 52 -18.468 31.590999999999998
288 30 11.655 15.463
288 1 -3.327 22.436999999999998
288 55 20.051 22.185
288 71 11.356 17.137999999999998
288 58 -30.926 -8.856
288 60 -8.259 16.725
288 63 -7.593999999999999 17.642
288 48 9.98 21.428
288 44 10.347000000000001 20.074
288 18 17.275 18.56
288 54 -25.144000000000002 16.381
288 66 -1.8119999999999998 15.532
288 53 -24.456 49.578
300 1 -2.8680000000000003 22.254
300 34 11.219000000000001 18.147000000000002
300 58 -30.926 -8.351
300 38 -27.53 20.923000000000002
300 55 20.464000000000002 21.68
300 53 -24.02 49.945
300 60 -8.466000000000001 16.035999999999998
300 52 -18.101 31.752
300 11 -11.494000000000002 18.331
300 15 -25.879 20.418
300 44 9.98 20.074
300 48 9.613 21.428
300 66 -2.271 15.532
300 63 -8.052999999999999 17.482
300 8 -27.622 20.258
300 18 16.862000000000002 18.56
300 30 11.470999999999998 15.463
300 22 -10.852 53.891000000000005
300 25 -8.42 7.547999999999999
300 41 -26.108 21.840999999999998
300 54 -25.671999999999997 16.22
300 71 11.219000000000001 17.137999999999998
312 22 -10.989 53.958999999999996
312 52 -18.009 31.935
312 12 -10.943 18.468
312 18 16.587 18.56
312 53 -23.63 50.266000000000005
312 45 9.59 20.258
312 64 -8.42 17.482
312 41 -25.557 21.840999999999998
312 2 -2.363 22.254
312 38 -27.003 20.923000000000002
312 49 9.222999999999999 21.428
312 71 11.081 17.229
312 15 -25.328000000000003 20.258
312 61 -8.626 15.370999999999999
312 59 -30.926 -7.846
312 31 11.333 15.463
312 54 -26.131 16.22
312 8 -27.186 20.258
312 67 -2.661 15.532
312 26 -8.81 7.042999999999999
312 55 20.66 21.658
312 35 11.058 18.331
324 26 -9.107999999999999 6.699
324 2 -2.134 22.254
324 55 20.215999999999998 22.074
324 53 -23.171 50.449
324 8 -26.659000000000002 20.074
324 54 -26.59 16.22
324 52 -18.009 31.935
324 31 10.966 15.279000000000002
324 22 -11.219000000000001 54.235
324 64 -8.97 17.298
324 18 15.899000000000001 18.56
324 71 10.714 17.046
324 12 -10.575999999999999 18.468
324 61 -9.154 16.035999999999998
324 49 8.626 21.244
324 38 -26.475 20.761999999999997
324 59 -30.926 -7.341
324 35 10.690999999999999 18.147000000000002
324 41 -25.03 21.840999999999998
324 15 -24.869 20.258
324 45 9.154 20.074
324 67 -3.281 15.370999999999999
336 2 -1.8119999999999998 22.254
336 22 -11.517000000000001 54.303999999999995
336 71 10.392999999999999 16.885
336 31 10.599 15.279000000000002
336 52 -18.009 31.935
336 41 -24.594 21.840999999999998
336 54 -27.094 16.035999999999998
336 38 -26.016 20.761999999999997
336 45 8.741 19.982
336 35 10.324000000000002 18.147000000000002
336 12 -10.117 18.468
336 8 -26.131 20.074
336 18 15.302 18.56
336 61 -9.681000000000001 16.035999999999998
336 67 -3.785 15.370999999999999
336 49 8.007 21.244
336 64 -9.475 17.137999999999998
336 15 -24.364 20.258
336 26 -9.567 6.377999999999999
336 59 -30.834 -6.837000000000001
348 52 -18.009 31.935
348 2 -1.537 22.254
348 45 8.328 19.845
348 64 -10.026 17.137999999999998
348 35 9.934 17.964000000000002
348 26 -10.163 5.872999999999999
348 67 -4.336 15.370999999999999
348 22 -11.975999999999999 54.143
348 12 -9.75 18.468
348 31 10.186 15.279000000000002
348 61 -10.277999999999999 16.035999999999998
348 71 10.072000000000001 16.885
348 59 -30.834 -6.332000000000001
348 18 14.706 18.56
348 41 -24.043000000000003 21.840999999999998
348 49 7.502000000000001 21.244
348 15 -23.905 20.258
348 38 -25.488000000000003 20.761999999999997
348 54 -27.553 16.035999999999998
348 8 -25.671999999999997 20.074
360 19 14.109000000000002 18.56
360 61 -10.806 16.035999999999998
360 54 -28.15 15.876
360 59 -30.834 -5.827000000000001
360 31 9.818999999999999 15.279000000000002
360 22 -12.412 53.891000000000005
360 41 -23.584 21.840999999999998
360 45 7.915 19.753
360 35 9.636000000000001 17.964000000000002
360 26 -10.76 5.529
360 2 -1.216 22.436999999999998
360 15 -23.355 20.258
360 64 -10.552999999999999 16.977
360 67 -4.841 15.370999999999999
360 49 6.882999999999999 21.244
360 38 -25.03 20.761999999999997
360 12 -9.291 18.468
360 52 -18.009 31.935
360 72 9.796 16.725
360 8 -25.144000000000002 19.914
372 12 -8.924 18.468
372 72 9.475 16.725
372 59 -30.834 -5.3229999999999995
372 26 -11.379000000000001 5.185
372 8 -24.616999999999997 19.914
372 67 -5.437 15.370999999999999
372 19 13.467 18.56
372 31 9.452 15.279000000000002
372 15 -22.919 20.258
372 35 9.269 17.826
372 54 -28.769000000000002 15.876
372 2 -0.941 22.436999999999998
372 61 -11.333 16.035999999999998
372 52 -18.009 31.935
372 22 -12.847000000000001 53.799
372 38 -24.502 20.761999999999997
372 45 6.906000000000001 19.753
372 49 6.2860000000000005 21.428
372 41 -23.08 21.840999999999998
372 64 -11.081 16.977
384 41 -22.529 21.840999999999998
384 45 6.08 19.822
384 26 -11.975999999999999 4.864
384 22 -13.237 53.707
384 31 9.085 15.279000000000002
384 52 -18.009 31.935
384 67 -5.9879999999999995 15.370999999999999
384 19 12.87 18.56
384 61 -11.860999999999999 16.035999999999998
384 2 -0.619 22.436999999999998
384 8 -24.180999999999997 19.914
384 49 5.667000000000001 21.428
384 12 -8.466000000000001 18.468
384 54 -29.389 15.715
384 64 -11.609000000000002 16.793
384 59 -30.834 -4.8180000000000005
384 15 -22.391 20.258
384 35 8.879 17.826
384 72 9.2 16.541
384 38 -23.974 20.579
396 64 -12.136 16.793
396 61 -12.389000000000001 15.370999999999999
396 45 5.803999999999999 19.822
396 49 5.162000000000001 21.107
396 31 8.764 15.279000000000002
396 35 8.511000000000001 17.826
396 59 -30.834 -4.313
396 52 -18.009 31.935
396 38 -23.515 20.579
396 72 8.879 16.541
396 15 -21.864 20.258
396 2 -0.344 22.436999999999998
396 26 -12.503 4.52
396 19 12.274000000000001 18.56
396 67 -6.492999999999999 15.370999999999999
396 41 -22.093000000000004 21.840999999999998
396 8 -23.63 19.753
396 22 -13.283 54.051
396 12 -8.007 18.468
408 45 6.08 19.500999999999998
408 49 5.598 20.74
408 35 9.107999999999999 17.482
408 41 -21.565 21.840999999999998
408 2 0.8490000000000001 22.185
408 61 -12.549000000000001 15.210999999999999
408 38 -22.988000000000003 20.579
408 56 -31.752 42.695
408 52 -18.009 31.935
408 22 -13.467 54.235
408 67 -6.906000000000001 15.210999999999999
408 64 -12.503 16.633
408 26 -12.962 4.015
408 15 -21.428 20.074
408 59 -30.834 -3.625
408 12 -7.227 17.826
408 8 -23.103 19.753
408 72 9.429 16.381
408 31 9.222999999999999 15.119000000000002
408 19 12.732999999999999 18.399
420 61 -12.549000000000001 15.370999999999999
420 67 -7.112 15.210999999999999
420 8 -22.666999999999998 19.753
420 41 -21.107 21.840999999999998
420 22 -13.715 54.13399999999999
420 45 6.997000000000001 19.157
420 26 -13.421 3.6710000000000003
420 52 -18.009 31.935
420 31 10.186 15.119000000000002
420 12 -6.24 17.046
420 49 6.653 20.601999999999997
420 38 -22.552 20.579
420 56 -31.43 43.2
420 72 10.392999999999999 16.22
420 59 -30.834 -3.12
420 64 -12.732999999999999 16.633
420 15 -20.877 20.074
420 35 10.347000000000001 17.229
420 2 2.524 21.68
420 19 13.925999999999998 18.399
432 8 -22.116 19.569000000000003
432 49 6.2860000000000005 20.601999999999997
432 38 -22.024 20.579
432 15 -20.418 20.074
432 59 -30.834 -2.615
432 56 -31.063000000000002 43.865
432 52 -18.009 31.935
432 67 -7.41 15.027000000000001
432 31 10.049 15.119000000000002
432 26 -13.88 3.35
432 19 13.559000000000001 18.399
432 12 -5.712999999999999 17.046
432 35 10.232000000000001 17.229
432 41 -20.579 21.840999999999998
432 72 10.255 16.22
432 64 -13.030999999999999 16.633
432 2 3.1430000000000002 22.254
432 22 -14.012 54.012
432 45 6.47 19.157
432 61 -12.847000000000001 15.210999999999999
444 72 10.026 16.381
444 9 -21.68 19.569000000000003
444 16 -19.914 20.074
444 59 -30.834 -2.1109999999999998
444 19 13.054 18.56
444 64 -13.26 16.633
444 39 -21.497 20.418
444 67 -7.64 15.027000000000001
444 61 -13.145999999999999 15.027000000000001
444 56 -30.695999999999998 44.553000000000004
444 42 -20.051 21.840999999999998
444 31 9.818999999999999 15.119000000000002
444 26 -14.315999999999999 2.845
444 45 5.85 19.157
444 49 5.667000000000001 20.601999999999997
444 35 9.98 17.39
444 12 -5.254 17.046
444 2 3.51 22.116
444 22 -14.309000000000001 53.891000000000005
456 31 9.59 15.119000000000002
456 72 9.704 16.541
456 39 -21.038 20.418
456 45 5.345 19.157
456 23 -14.606 53.77
456 64 -13.65 16.633
456 67 -8.007 15.027000000000001
456 35 9.75 17.574
456 19 12.503 18.56
456 56 -30.329 45.058
456 26 -14.843 2.501
456 12 -4.795 17.137999999999998
456 61 -13.765 15.210999999999999
456 42 -19.592 21.840999999999998
456 49 5.07 20.74
456 59 -30.834 -1.6059999999999999
456 69 -4.359 15.784
456 2 3.923 22.116
456 9 -21.151999999999997 19.569000000000003
456 16 -19.455 20.074
468 64 -14.247 16.633
468 39 -20.51 20.418
468 67 -8.603 15.027000000000001
468 49 4.543 20.74
468 35 9.498 17.642
468 59 -30.834 -1.101
468 2 4.29 22.116
468 9 -20.625 19.409000000000002
468 42 -19.088 21.840999999999998
468 31 9.314 15.119000000000002
468 19 11.999 18.744
468 23 -14.902999999999999 53.648
468 72 9.475 16.725
468 16 -18.904 20.074
468 26 -15.302 2.1790000000000003
468 61 -14.591 15.532
468 69 -3.9 15.784
468 45 4.887 19.157
468 56 -30.008000000000003 45.563
468 12 -4.336 17.137999999999998
480 45 4.428 19.157
480 42 -18.629 21.840999999999998
480 67 -9.246 15.027000000000001
480 19 11.356 18.744
480 26 -15.83 1.996
480 23 -15.2 53.527
480 12 -3.785 17.137999999999998
480 31 9.085 15.119000000000002
480 2 4.657 22.116
480 69 -3.464 15.784
480 61 -15.095999999999998 15.532
480 16 -18.399 20.074
480 56 -29.71 45.88399999999999
480 39 -20.051 20.418
480 59 -30.834 -0.596
480 49 3.946 20.74
480 35 9.269 17.803
480 64 -14.843 16.633
480 72 9.2 16.885
480 9 -20.166 19.409000000000002
492 42 -18.078 21.840999999999998
492 12 -3.327 17.137999999999998
492 19 10.852 18.904
492 2 5.024 22.116
492 56 -29.32 46.388999999999996
492 16 -17.941 20.074
492 9 -19.637999999999998 19.409000000000002
492 69 -3.005 15.784
492 72 8.97 17.046
492 23 -15.497 53.406000000000006
492 64 -15.44 16.633
492 35 9.039 17.895
492 61 -15.645999999999999 15.370999999999999
492 45 3.969 19.157
492 49 3.418 20.74
492 31 8.856 15.119000000000002
492 26 -16.358 1.675
492 67 -9.75 15.027000000000001
492 39 -19.524 20.418
492 59 -30.834 -0.092
504 49 2.822 20.601999999999997
504 12 -2.845 16.954
504 56 -29.066999999999997 46.733000000000004
504 2 5.437 21.932
504 16 -17.413 20.074
504 64 -16.059 16.633
504 61 -16.174 15.210999999999999
504 23 -15.794 53.284
504 72 8.741 17.046
504 69 -2.5469999999999997 15.623
504 39 -18.996 20.418
504 45 3.51 18.996
504 35 8.718 17.986
504 31 8.626 15.119000000000002
504 19 10.300999999999998 18.904
504 67 -10.347000000000001 15.027000000000001
504 26 -16.816 1.399
504 9 -19.111 19.317
504 42 -17.574 21.68
504 59 -30.926 0.321
516 45 3.005 18.996
516 56 -28.791999999999998 46.916000000000004
516 59 -31.017 0.826
516 49 2.363 20.601999999999997
516 9 -18.605999999999998 19.317
516 23 -16.090999999999998 53.163000000000004
516 69 -2.088 15.532
516 61 -16.61 15.119000000000002
516 39 -18.514 20.418
516 12 -2.432 16.885
516 35 8.511000000000001 17.986
516 31 8.397 15.119000000000002
516 64 -16.495 16.472
516 72 8.511000000000001 17.046
516 2 5.896 21.932
516 42 -17.0 21.68
516 26 -17.275 1.239
516 19 9.818999999999999 18.904
516 67 -10.92 15.119000000000002
516 16 -16.930999999999997 20.074
528 59 -31.109 1.331
528 23 -16.387999999999998 53.042
528 9 -18.101 19.317
528 26 -17.757 1.0090000000000001
528 67 -11.425 15.119000000000002
528 39 -18.009 20.418
528 19 9.291 18.904
528 42 -16.426 21.68
528 45 2.455 18.812
528 35 8.259 17.986
528 31 8.167 15.119000000000002
528 64 -17.046 16.289
528 69 -1.629 15.463
528 72 8.282 17.046
528 16 -16.358 20.166
528 56 -28.517 47.146
528 12 -1.973 16.885
528 61 -17.115 14.935
528 2 6.355 21.932
528 49 1.9040000000000001 20.601999999999997
540 42 -15.853 21.52
540 16 -15.83 20.166
540 39 -17.482 20.51
540 31 7.938 15.210999999999999
540 49 1.445 20.601999999999997
540 23 -16.686 52.92100000000001
540 2 6.814 21.932
540 72 8.099 17.046
540 67 -11.975999999999999 15.187999999999999
540 26 -18.354 0.642
540 64 -17.505 16.289
540 19 8.764 18.904
540 35 7.984 17.986
540 56 -28.127 47.49
540 61 -17.551 14.866
540 45 1.95 18.744
540 59 -31.224 1.835
540 69 -1.193 15.370999999999999
540 9 -17.551 19.317
540 12 -1.56 16.725
552 23 -16.983 52.799
552 50 0.987 20.601999999999997
552 65 -18.055 16.128
552 42 -15.302 21.52
552 46 1.399 18.652
552 36 7.754 17.986
552 32 7.754 15.210999999999999
552 27 -18.881 0.321
552 13 -1.147 16.633
552 3 7.273 21.932
552 69 -0.7340000000000001 15.302
552 68 -12.526 15.279000000000002
552 62 -18.055 14.798
552 16 -15.347999999999999 20.235
552 39 -17.0 20.51
552 9 -17.092 19.317
552 19 8.236 18.812
552 72 7.869 16.885
552 56 -27.668000000000003 47.995
564 32 7.525 15.210999999999999
564 27 -19.409000000000002 -0.184
564 50 0.551 20.51
564 23 -17.28 52.678000000000004
564 42 -14.683 21.52
564 16 -14.775 20.235
564 65 -18.537 15.968
564 19 7.754 18.744
564 68 -13.077 15.370999999999999
564 39 -16.495 20.601999999999997
564 13 -0.665 16.472
564 3 7.707999999999999 21.932
564 62 -18.56 14.614
564 56 -27.232 48.498999999999995
564 46 0.895 18.56
564 69 -0.298 15.119000000000002
564 9 -16.541 19.317
564 36 7.479 18.078
564 72 7.64 16.885
576 3 8.213 21.932
576 23 -17.577 52.556999999999995
576 13 -0.115 16.128
576 69 0.20600000000000002 15.027000000000001
576 27 -20.005 -0.505
576 9 -15.991 19.317
576 68 -13.65 15.370999999999999
576 72 7.456 16.885
576 39 -15.991 20.601999999999997
576 32 7.296 15.302
576 50 0.023 20.51
576 65 -19.019000000000002 15.784
576 42 -14.132 21.336
576 16 -14.247 20.327
576 36 7.25 18.078
576 46 0.321 18.399
576 56 -26.680999999999997 49.004
576 62 -19.019000000000002 14.522
576 19 7.227 18.744
588 68 -14.155 15.44
588 50 -0.436 20.51
588 46 -0.20600000000000002 18.399
588 69 0.665 14.935
588 3 8.672 21.932
588 36 6.974 18.078
588 65 -19.569000000000003 15.623
588 72 7.227 16.725
588 32 7.066 15.370999999999999
588 27 -20.555999999999997 -0.8490000000000001
588 62 -19.524 14.362
588 56 -26.246 49.50899999999999
588 13 0.48200000000000004 15.876
588 19 6.699 18.652
588 39 -15.485999999999999 20.671
588 23 -17.874000000000002 52.43600000000001
588 9 -15.44 19.317
588 16 -13.719000000000001 20.327
588 42 -13.559000000000001 21.336
600 9 -14.958 19.317
600 13 0.941 15.784
600 20 6.148 18.652
600 68 -14.752 15.532
600 27 -20.991999999999997 -1.193
600 32 6.928 15.370999999999999
600 42 -13.008 21.336
600 23 -18.171 52.31399999999999
600 16 -13.169 20.418
600 36 6.745 18.078
600 62 -19.982 14.362
600 46 -0.7340000000000001 18.239
600 50 -0.895 20.51
600 39 -14.958 20.671
600 65 -20.028 15.623
600 73 7.042999999999999 16.725
600 56 -25.787 50.013000000000005
600 69 1.101 14.866
600 3 9.107999999999999 21.932
612 62 -20.441 14.362
612 27 -21.29 -1.193
612 56 -25.328000000000003 50.518
612 20 5.644 18.652
612 46 -1.262 18.147000000000002
612 39 -14.453 20.671
612 65 -20.395 15.784
612 42 -12.435 21.336
612 13 1.399 15.692
612 68 -15.210999999999999 15.623
612 23 -18.468 52.193000000000005
612 32 6.699 15.44
612 16 -12.664000000000001 20.418
612 36 6.47 18.147000000000002
612 3 9.567 21.932
612 73 6.837000000000001 16.725
612 9 -14.43 19.317
612 50 -1.354 20.418
612 69 1.6059999999999999 14.706
624 65 -20.761999999999997 15.784
624 39 -13.857000000000001 20.51
624 16 -12.067 20.258
624 69 2.042 14.614
624 46 -1.7890000000000001 18.055
624 27 -21.749000000000002 -1.514
624 36 6.194 18.147000000000002
624 9 -13.88 19.088
624 62 -20.877 14.362
624 32 6.47 15.44
624 42 -11.907 21.336
624 68 -15.991 15.463
624 56 -24.961 51.023
624 73 6.607 16.725
624 50 -1.7890000000000001 20.418
624 3 10.003 21.932
624 13 1.8119999999999998 15.623
624 20 5.1160000000000005 18.56
624 23 -18.858 52.032
636 50 -2.3169999999999997 20.418
636 36 5.942 18.147000000000002
636 9 -13.306 18.812
636 56 -24.502 51.528
636 16 -11.517000000000001 20.074
636 73 6.377999999999999 16.541
636 3 10.507 21.932
636 62 -21.336 14.362
636 69 2.5469999999999997 14.614
636 32 6.263 15.532
636 68 -16.656 15.463
636 42 -11.31 21.336
636 46 -2.3169999999999997 17.964000000000002
636 23 -19.134 51.872
636 20 4.588 18.491
636 13 2.271 15.463
636 39 -13.169 20.327
636 65 -21.221 15.968
636 27 -22.276999999999997 -1.858
648 73 6.194 16.541
648 16 -10.92 19.753
648 46 -2.845 17.895
648 9 -12.732999999999999 18.56
648 65 -21.588 16.128
648 62 -21.795 14.362
648 42 -10.76 21.52
648 3 10.966 21.932
648 20 4.061 18.491
648 69 2.9819999999999998 14.453
648 50 -2.7760000000000002 20.418
648 27 -22.896 -2.202
648 32 6.057 15.532
648 13 2.73 15.279000000000002
648 23 -19.455 51.872
648 39 -12.572000000000001 20.005
648 68 -17.344 15.279000000000002
648 36 5.712999999999999 18.147000000000002
648 57 -24.135 52.193000000000005
660 39 -11.884 19.822
660 50 -3.235 20.418
660 46 -3.372 17.826
660 16 -10.324000000000002 19.569000000000003
660 3 11.425 21.932
660 36 5.46 18.147000000000002
660 9 -12.136 18.331
660 13 3.327 15.279000000000002
660 23 -19.753 51.688
660 42 -10.163 21.52
660 20 3.556 18.491
660 65 -21.955 16.128
660 27 -23.401 -2.524
660 57 -23.676 52.698
660 69 3.4410000000000003 14.362
660 62 -22.230999999999998 14.362
660 73 5.965 16.541
660 32 5.827000000000001 15.532
660 68 -18.009 15.279000000000002
672 20 2.96 18.308
672 57 -23.378 53.042
672 73 5.231 16.541
672 5 21.061 18.055
672 65 -22.644000000000002 16.289
672 62 -22.919 14.362
672 50 -3.969 20.258
672 74 16.908 12.595
672 29 13.123 18.239
672 7 20.189 16.128
672 6 21.061 21.175
672 68 -18.767 15.279000000000002
672 9 -12.045 18.468
672 3 11.655 21.611
672 16 -10.415999999999999 19.569000000000003
672 69 3.533 14.362
672 32 5.07 15.715
672 39 -11.884 20.005
672 36 4.726 18.055
672 13 3.877 15.623
672 42 -10.324000000000002 21.68
672 27 -23.951 -3.028
672 23 -20.051 51.528
672 46 -4.29 17.826
684 13 3.418 15.623
684 65 -23.331999999999997 16.472
684 20 1.308 18.308
684 74 15.347999999999999 12.595
684 27 -24.548000000000002 -3.533
684 10 -12.045 18.652
684 32 3.648 15.876
684 6 19.111 19.914
684 43 -10.484000000000002 21.68
684 3 11.012 21.107
684 68 -19.455 15.279000000000002
684 62 -23.676 14.522
684 36 3.4410000000000003 18.055
684 73 3.8080000000000003 16.541
684 69 3.074 14.362
684 29 11.517000000000001 18.239
684 46 -5.575 17.826
684 57 -23.378 52.537
684 17 -10.552999999999999 19.753
684 40 -11.884 20.166
684 23 -20.969 50.518
684 50 -5.254 20.258
684 5 19.179000000000002 17.734
684 7 17.941 15.968
696 50 -6.47 20.258
696 36 2.157 18.055
696 20 -0.436 18.147000000000002
696 10 -12.045 18.973
696 65 -24.02 16.633
696 57 -23.447 51.872
696 46 -6.86 17.826
696 13 2.8680000000000003 15.463
696 43 -10.622 21.68
696 7 14.843 16.128
696 68 -20.212 15.279000000000002
696 27 -25.144000000000002 -4.038
696 70 2.5469999999999997 14.362
696 6 16.012999999999998 19.409000000000002
696 3 9.222999999999999 21.107
696 5 16.012999999999998 17.734
696 74 13.834000000000001 12.595
696 62 -24.340999999999998 14.706
696 73 2.34 16.541
696 29 9.039 18.055
696 24 -21.795 49.50899999999999
696 17 -10.622 19.914
696 40 -11.975999999999999 20.51
696 32 2.134 15.876
708 57 -23.447 51.183
708 40 -11.975999999999999 20.671
708 20 -2.088 18.147000000000002
708 13 2.432 15.463
708 43 -10.852 21.68
708 10 -12.045 19.157
708 3 7.433 21.107
708 73 0.9179999999999999 16.541
708 5 14.200999999999999 17.734
708 68 -20.945999999999998 15.279000000000002
708 74 12.32 12.595
708 17 -10.783 19.914
708 36 0.872 18.055
708 32 0.711 16.035999999999998
708 62 -25.03 14.706
708 29 6.607 17.895
708 24 -22.713 48.498999999999995
708 65 -24.708000000000002 16.633
708 50 -7.754 20.258
708 70 2.088 14.362
708 46 -8.213 17.826
708 27 -25.741 -4.543
708 6 14.315999999999999 19.753
708 7 12.572000000000001 16.128
720 7 10.392999999999999 15.968
720 13 1.8119999999999998 15.463
720 29 4.588 18.055
720 62 -25.718000000000004 14.866
720 73 -0.36700000000000005 16.725
720 5 11.562999999999999 18.055
720 46 -9.337 17.826
720 40 -12.297 20.831
720 10 -12.366 19.34
720 36 -0.39 18.239
720 24 -23.584 47.49
720 50 -8.879 20.074
720 57 -23.745 50.518
720 3 6.4239999999999995 21.244
720 6 11.677 19.914
720 20 -3.533 18.147000000000002
720 65 -25.443 16.793
720 27 -26.2 -4.726
720 17 -11.15 20.074
720 70 1.56 14.362
720 68 -21.795 15.279000000000002
720 43 -11.15 21.52
720 32 -0.574 16.22
720 74 10.737 12.595
732 24 -24.594 46.48
732 50 -9.865 20.074
732 43 -11.609000000000002 21.52
732 10 -12.732999999999999 19.34
732 68 -22.552 15.463
732 57 -24.135 50.013000000000005
732 46 -10.392999999999999 17.826
732 7 8.879 16.128
732 17 -11.677 20.074
732 74 9.222999999999999 12.595
732 6 10.324000000000002 19.592
732 65 -26.131 16.977
732 20 -4.795 18.147000000000002
732 40 -12.664000000000001 20.831
732 5 10.186 17.734
732 3 5.69 21.244
732 29 2.615 17.734
732 36 -1.835 18.744
732 62 -26.383000000000003 15.027000000000001
732 13 1.078 15.463
732 32 -1.629 16.381
732 27 -26.659000000000002 -4.726
732 73 -1.4909999999999999 17.229
732 70 0.9640000000000001 14.362
744 29 1.101 17.734
744 10 -13.1 19.34
744 74 8.099 12.595
744 5 8.626 17.803
744 6 8.626 19.592
744 20 -5.942 17.986
744 32 -2.5469999999999997 16.381
744 17 -12.205 20.074
744 13 0.551 15.463
744 43 -12.045 21.336
744 68 -23.378 15.623
744 65 -26.865 17.137999999999998
744 27 -27.116999999999997 -4.978
744 7 7.3870000000000005 16.289
744 62 -27.003 15.210999999999999
744 40 -13.030999999999999 20.831
744 70 0.505 14.362
744 36 -3.028 18.904
744 46 -11.609000000000002 17.964000000000002
744 73 -2.478 17.39
744 50 -11.15 20.074
744 24 -25.488000000000003 45.471000000000004
744 57 -24.502 49.348
744 3 4.864 21.107
756 6 6.722 19.845
756 24 -26.154 44.806000000000004
756 50 -12.962 20.074
756 29 -0.413 18.055
756 27 -27.714000000000002 -5.391
756 62 -27.599 15.370999999999999
756 65 -27.553 17.298
756 32 -3.464 16.381
756 36 -3.946 18.744
756 17 -12.755999999999998 20.074
756 43 -12.48 21.336
756 70 0.275 14.362
756 10 -13.49 19.477999999999998
756 57 -24.663 49.004
756 73 -3.395 17.39
756 5 6.768 17.895
756 46 -12.962 18.468
756 20 -6.997000000000001 17.803
756 40 -13.352 21.015
756 74 7.777 12.595
756 3 3.717 21.107
756 68 -24.204 15.623
756 13 0.321 15.463
756 7 5.5520000000000005 16.472
768 70 0.046 14.362
768 40 -13.169 21.175
768 29 -1.3769999999999998 17.895
768 7 3.762 16.472
768 0 10.989 17.986
768 17 -12.435 20.074
768 43 -12.32 21.336
768 10 -13.329 19.477999999999998
768 24 -26.314 44.806000000000004
768 74 7.41 12.595
768 46 -13.719000000000001 18.468
768 36 -4.841 18.56
768 62 -28.127 15.532
768 27 -28.31 -5.896
768 65 -28.241999999999997 17.482
768 5 4.955 17.895
768 50 -13.972000000000001 19.409000000000002
768 32 -4.359 16.381
768 57 -24.663 49.004
768 13 0.092 15.463
768 68 -24.961 15.623
768 6 5.3229999999999995 19.409000000000002
768 73 -4.2669999999999995 17.229
768 20 -7.984 17.642
768 3 2.661 21.107
780 17 -12.113 20.074
780 20 -8.81 17.642
780 62 -28.723000000000003 15.715
780 27 -28.861 -6.47
780 74 7.112 12.595
780 65 -28.93 17.642
780 40 -13.030999999999999 21.336
780 10 -13.1 19.660999999999998
780 21 -31.522 6.9510000000000005
780 43 -12.09 21.52
780 13 -0.069 15.463
780 3 2.891 21.244
780 57 -24.570999999999998 49.004
780 73 -5.093 17.046
780 0 10.507 18.147000000000002
780 68 -25.718000000000004 15.623
780 7 3.2119999999999997 16.472
780 5 4.68 17.895
780 70 -0.138 14.362
780 6 4.91 19.317
780 36 -5.69 18.399
780 29 -1.675 18.56
780 24 -26.544 44.622
780 50 -14.43 19.753
780 46 -14.177999999999999 18.468
780 32 -5.1160000000000005 16.22
792 33 -5.414 16.22
792 24 -27.070999999999998 43.79600000000001
792 0 10.277999999999999 18.491
792 20 -9.107999999999999 17.803
792 40 -12.892999999999999 21.52
792 17 -11.745999999999999 20.074
792 37 -5.9879999999999995 18.399
792 7 2.9819999999999998 16.472
792 57 -24.570999999999998 49.004
792 21 -31.522 5.529
792 43 -11.907 21.52
792 4 3.395 21.428
792 10 -12.892999999999999 19.660999999999998
792 73 -5.414 17.046
792 51 -14.889000000000001 20.074
792 6 4.726 19.317
792 70 -0.138 14.362
792 14 -0.344 15.463
792 47 -14.614 18.468
792 28 -29.274 -6.906000000000001
792 29 -2.202 18.055
792 5 4.68 17.986
792 74 6.814 12.595
804 74 6.4239999999999995 12.412
804 57 -24.433000000000003 49.165
804 17 -11.470999999999998 20.074
804 20 -9.429 18.147000000000002
804 14 -0.574 15.119000000000002
804 37 -6.355 18.239
804 33 -5.712999999999999 16.035999999999998
804 29 -2.592 19.248
804 0 9.98 18.812
804 28 -29.412 -7.41
804 24 -27.53 42.946999999999996
804 6 4.588 19.317
804 51 -15.187999999999999 20.074
804 70 -0.069 14.362
804 5 4.68 18.055
804 10 -12.205 20.487
804 47 -15.004000000000001 18.468
804 43 -11.609000000000002 21.52
804 7 2.707 16.472
804 21 -31.453000000000003 5.024
804 40 -12.297 21.52
804 4 4.038 21.611
804 73 -5.781000000000001 16.885
816 7 2.157 16.472
816 20 -9.865 18.147000000000002
816 70 0.092 14.362
816 33 -6.034 16.035999999999998
816 47 -15.532 18.331
816 40 -11.745999999999999 21.336
816 17 -11.242 20.074
816 28 -29.641 -8.076
816 51 -15.645999999999999 19.914
816 10 -11.745999999999999 20.671
816 43 -11.31 21.336
816 5 4.313 18.055
816 21 -31.362 4.52
816 4 4.175 21.611
816 73 -6.148 16.725
816 14 -0.895 14.958
816 57 -24.066 49.50899999999999
816 37 -6.653 18.055
816 29 -3.12 19.065
816 24 -27.53 42.787
816 74 6.125 12.412
816 0 9.291 18.996
816 6 4.152 19.248
828 43 -10.989 21.336
828 51 -16.243 19.914
828 5 3.8080000000000003 17.895
828 7 1.4909999999999999 16.472
828 33 -6.401 15.876
828 28 -29.779 -8.58
828 37 -7.042999999999999 18.055
828 6 3.648 19.248
828 29 -3.8539999999999996 18.744
828 14 -1.193 14.775
828 47 -16.197 18.331
828 70 0.252 14.362
828 74 5.827000000000001 12.412
828 4 4.084 21.428
828 24 -27.439 42.603
828 73 -6.47 16.725
828 40 -11.494000000000002 21.175
828 21 -31.316 3.8310000000000004
828 20 -10.392999999999999 18.147000000000002
828 0 7.318 18.652
828 57 -23.607 49.669
828 10 -11.609000000000002 20.166
828 17 -10.92 19.914
840 28 -30.008000000000003 -9.085
840 0 6.676 18.812
840 51 -16.702 19.914
840 4 4.038 21.107
840 24 -27.439 42.443000000000005
840 37 -7.341 17.895
840 33 -6.699 15.876
840 47 -16.725 18.331
840 21 -31.224 3.35
840 14 -1.399 14.614
840 70 0.39 14.362
840 6 3.097 19.248
840 43 -10.690999999999999 21.175
840 5 3.258 17.734
840 10 -11.54 19.660999999999998
840 40 -11.173 21.015
840 7 0.7340000000000001 16.472
840 74 5.437 12.412
840 57 -23.217 50.013000000000005
840 17 -10.690999999999999 19.914
840 29 -4.6339999999999995 18.56
852 0 6.882999999999999 19.317
852 10 -11.448 19.157
852 21 -31.086 2.6839999999999997
852 4 3.946 20.923000000000002
852 14 -1.7209999999999999 14.27
852 51 -16.885 20.074
852 24 -27.37 42.282
852 28 -30.146 -9.59
852 57 -22.85 50.174
852 7 0.046 16.472
852 33 -6.997000000000001 15.715
852 6 2.501 19.065
852 37 -7.707999999999999 17.895
852 5 2.661 17.551
852 47 -17.115 18.331
852 29 -5.3 18.399
852 17 -10.415999999999999 19.753
852 74 5.162000000000001 12.274000000000001
852 43 -10.392999999999999 21.015
852 40 -10.897 20.831
852 70 0.48200000000000004 14.362
864 74 4.772 12.274000000000001
864 7 -0.619 16.472
864 37 -8.03 17.734
864 21 -30.995 2.1790000000000003
864 70 0.619 14.362
864 14 -2.1790000000000003 13.949000000000002
864 10 -11.379000000000001 18.652
864 6 1.996 19.065
864 57 -22.46 50.518
864 43 -10.094 20.831
864 40 -10.622 20.74
864 5 2.1109999999999998 17.229
864 33 -7.318 15.715
864 24 -27.37 42.098
864 28 -30.375 -10.094
864 29 -5.827000000000001 18.56
864 0 7.112 19.660999999999998
864 17 -10.186 19.753
864 51 -17.849 20.074
864 4 3.946 20.74
864 47 -17.482 17.964000000000002
876 37 -8.397 17.551
876 4 4.084 20.418
876 40 -10.874 20.671
876 6 1.445 19.065
876 47 -18.192999999999998 17.895
876 74 4.474 12.274000000000001
876 29 -6.355 18.904
876 14 -2.7760000000000002 13.949000000000002
876 70 0.757 14.362
876 5 1.6059999999999999 17.046
876 21 -30.903000000000002 1.4909999999999999
876 33 -7.593999999999999 15.532
876 10 -10.76 18.468
876 7 -1.078 16.289
876 57 -22.093000000000004 50.678999999999995
876 43 -9.796 20.831
876 51 -18.101 19.660999999999998
876 28 -30.559 -10.599
876 24 -27.301 41.938
876 17 -9.865 19.569000000000003
876 0 6.9510000000000005 20.005
888 51 -18.399 19.157
888 43 -9.406 21.336
888 40 -10.324000000000002 20.327
888 14 -3.074 14.109000000000002
888 29 -6.882999999999999 19.248
888 7 -1.6059999999999999 16.289
888 33 -7.984 15.532
888 47 -18.308 17.895
888 21 -30.903000000000002 0.987
888 5 1.0090000000000001 16.885
888 37 -8.764 17.551
888 24 -27.209 41.938
888 0 6.492999999999999 20.327
888 74 4.152 12.274000000000001
888 28 -30.695999999999998 -11.104000000000001
888 10 -10.552999999999999 18.652
888 70 0.9179999999999999 14.362
888 17 -9.544 19.569000000000003
888 6 0.8490000000000001 18.904
888 4 4.198 20.166
900 10 -10.324000000000002 19.34
900 40 -10.415999999999999 20.831
900 70 1.147 14.362
900 0 6.2170000000000005 20.51
900 17 -9.269 19.248
900 47 -18.698 18.652
900 7 -2.134 16.128
900 28 -30.695999999999998 -11.953
900 21 -30.903000000000002 0.48200000000000004
900 4 4.359 19.914
900 6 0.321 18.904
900 43 -9.107999999999999 21.015
900 51 -18.835 19.157
900 29 -7.25 19.248
900 33 -8.144 15.532
900 74 3.946 12.274000000000001
900 5 0.45899999999999996 16.725
900 24 -27.53 41.433
900 37 -8.924 17.551
900 14 -3.694 13.949000000000002
912 28 -30.695999999999998 -12.618
912 47 -18.996 18.652
912 37 -8.993 17.551
912 24 -27.76 41.089
912 33 -8.282 15.532
912 17 -8.901 19.065
912 4 4.497 19.660999999999998
912 70 1.445 14.362
912 0 6.2170000000000005 20.51
912 40 -10.003 20.51
912 43 -8.741 20.831
912 21 -30.995 -0.023
912 10 -9.934 19.157
912 14 -4.52 13.765
912 51 -19.225 19.500999999999998
924 28 -30.695999999999998 -13.306
924 21 -30.995 -0.665
924 37 -9.085 17.551
924 33 -8.42 15.532
924 4 4.611000000000001 19.317
924 47 -19.386 18.468
924 0 6.2170000000000005 20.51
924 51 -19.615 19.822
924 14 -4.887 13.765
924 70 1.767 14.362
924 24 -28.035 40.768
936 51 -19.891 19.822
936 28 -30.695999999999998 -13.972000000000001
936 21 -30.995 -1.537
936 0 5.9879999999999995 21.015
936 14 -4.978 13.949000000000002
936 37 -9.085 17.551
936 33 -8.511000000000001 15.532
936 4 4.772 19.157
936 47 -19.684 18.468
948 37 -9.154 17.551
948 0 5.827000000000001 21.68
948 21 -30.995 -2.1790000000000003
948 47 -19.982 18.468
948 28 -30.695999999999998 -14.637
948 51 -20.281 19.914
948 14 -5.024 13.949000000000002
948 33 -8.649 15.532
948 4 4.955 19.157
960 4 5.185 19.157
960 28 -30.695999999999998 -15.325
960 0 5.621 22.185
960 51 -20.441 19.914
960 37 -9.222999999999999 17.551
960 14 -5.1160000000000005 14.109000000000002
960 47 -20.441 18.468
960 21 -30.903000000000002 -3.051
960 33 -8.741 15.532
972 37 -9.314 17.551
972 33 -8.879 15.532
972 4 5.367999999999999 19.157
972 51 -20.877 20.074
972 0 5.162000000000001 22.529
972 47 -20.969 18.468
972 14 -5.1160000000000005 14.27
972 28 -30.695999999999998 -15.991
972 21 -30.903000000000002 -3.877
984 51 -21.405 19.914
984 47 -21.405 18.331
984 14 -5.185 14.453
984 37 -9.314 17.551
984 4 5.712999999999999 19.248
984 0 4.772 22.85
984 28 -30.695999999999998 -16.656
984 33 -8.97 15.532
984 21 -30.903000000000002 -4.565
996 0 5.391 23.355
996 4 6.377999999999999 19.34
996 28 -30.695999999999998 -17.344
996 21 -30.903000000000002 -5.391
996 14 -5.254 14.453
996 47 -21.795 17.964000000000002
996 33 -9.107999999999999 15.532
996 51 -21.795 19.914
996 37 -9.383 17.551
1008 21 -30.88 -6.148
1008 4 7.273 19.409000000000002
1008 37 -9.269 17.298
1008 51 -22.116 19.753
1008 14 -4.887 14.706
1008 28 -30.811 -18.422
1008 47 -22.162 17.895
1008 33 -9.107999999999999 15.623
1020 14 -4.359 15.027000000000001
1020 37 -9.039 17.137999999999998
1020 28 -30.857 -19.592
1020 47 -22.391 17.895
1020 33 -9.039 15.876
1020 4 9.521 19.914
1020 51 -22.345 19.845
