996 104 -17.045 25.028000000000002
996 88 -25.868000000000002 -21.656
996 116 26.04 30.461
996 82 -17.815 19.398
1008 104 -16.407 25.116
1008 83 -18.364 19.398
1008 116 25.445999999999998 29.295
1008 88 -25.865 -21.613000000000003
1020 83 -18.892 19.398
1020 116 25.116 28.855
1020 88 -25.864 -21.57
1020 104 -15.769 25.116
1032 116 24.851999999999997 28.415
1032 88 -25.861 -21.526
1032 83 -19.42 19.398
1032 104 -15.152999999999999 25.116
1044 83 -19.926 19.618
1044 104 -14.538 25.116
1044 88 -25.859 -21.483
1044 116 24.522 27.930999999999997
1056 84 -29.009 10.425
1056 104 -13.878 25.116
1056 88 -25.857 -21.439
1056 83 -20.432000000000002 19.618
1056 116 24.259 27.491999999999997
1068 84 -28.701 10.073
1068 45 -29.229 26.304000000000002
1068 88 -25.855 -21.396
1068 104 -13.306 25.116
1068 116 23.906999999999996 27.052
1068 83 -20.96 19.618
1080 116 23.445 26.678
1080 88 -25.853 -21.351999999999997
1080 84 -28.041 9.897
1080 45 -28.833000000000002 25.776
1080 83 -21.487 19.618
1080 104 -12.755999999999998 25.116
1092 116 22.895 26.304000000000002
1092 45 -28.349 25.776
1092 84 -27.491999999999997 9.523
1092 83 -22.015 19.794
1092 88 -25.85 -21.309
1092 104 -12.206 25.116
1104 45 -27.865 25.776
1104 83 -22.499000000000002 19.794
1104 88 -25.849 -21.266
1104 104 -11.634 25.116
1104 116 22.323 26.128
1104 84 -27.096 9.171
1116 83 -23.005 19.794
1116 84 -26.941999999999997 8.621
1116 45 -27.381999999999998 25.776
1116 116 21.750999999999998 25.776
1116 104 -11.151 25.226
1116 88 -25.846 -21.221999999999998
1128 116 21.201 25.401999999999997
1128 45 -26.898000000000003 25.578000000000003
1128 104 -10.600999999999999 25.226
1128 84 -26.766 8.072000000000001
1128 88 -25.844 -21.179000000000002
1128 83 -23.533 19.97
1140 116 20.651999999999997 25.028000000000002
1140 45 -26.414 25.578000000000003
1140 104 -10.051 25.226
1140 84 -26.612 7.522
1140 88 -25.842 -21.136
1140 83 -24.061 19.97
1152 104 -9.479 25.226
1152 84 -26.458000000000002 6.994
1152 116 20.08 24.676
1152 88 -25.842 -20.586
1152 45 -25.886 25.578000000000003
1152 83 -24.588 19.97
1164 104 -8.907 25.226
1164 84 -26.37 6.62
1164 116 19.596 24.5
1164 88 -25.754 -20.058
1164 45 -25.401999999999997 25.578000000000003
1164 83 -25.094 19.97
1176 84 -26.215999999999998 6.07
1176 45 -24.94 25.578000000000003
1176 104 -8.357000000000001 25.226
1176 88 -25.732 -19.486
1176 116 19.024 24.149
1176 83 -25.644000000000002 20.146
1188 116 18.474 23.775
1188 104 -7.808 25.226
1188 45 -24.456 25.401999999999997
1188 88 -25.732 -18.958
1188 83 -26.128 20.146
1188 84 -26.061999999999998 5.542000000000001
1200 84 -25.886 4.992
1200 105 -7.236000000000001 25.226
1200 88 -25.798000000000002 -18.605999999999998
1200 45 -23.973000000000003 25.401999999999997
1200 116 17.924 23.401
1200 83 -26.612 20.322
1212 84 -25.732 4.4430000000000005
1212 105 -6.664 25.226
1212 45 -23.489 25.401999999999997
1212 116 17.352999999999998 23.225
1212 83 -27.096 20.322
1212 88 -25.886 -18.232
1224 105 -6.114 25.226
1224 45 -23.005 25.401999999999997
1224 83 -27.58 20.322
1224 116 16.715 22.873
1224 84 -25.578000000000003 4.091
1224 89 -25.886 -17.859
1236 84 -25.401999999999997 3.5410000000000004
1236 45 -22.455 25.401999999999997
1236 117 15.901 22.499000000000002
1236 83 -28.063000000000002 20.322
1236 89 -25.974 -17.507
1236 105 -5.564 25.226
1248 84 -25.27 2.991
1248 45 -21.971 25.401999999999997
1248 89 -26.061999999999998 -16.979
1248 117 15.109000000000002 22.323
1248 105 -4.992 25.226
1260 89 -26.15 -16.583
1260 105 -4.421 25.226
1260 84 -25.182 2.463
1260 45 -21.487 25.401999999999997
1260 117 14.318 21.949
1272 117 13.526 21.773000000000003
1272 89 -26.215999999999998 -16.230999999999998
1272 105 -3.8710000000000004 25.226
1272 84 -25.006 1.913
1272 45 -21.004 25.578000000000003
1284 45 -20.52 25.578000000000003
1284 117 12.712 21.421
1284 84 -24.918000000000003 1.364
1284 105 -3.321 25.226
1284 89 -26.215999999999998 -15.879000000000001
1296 117 11.985999999999999 21.245
1296 85 -24.918000000000003 0.8140000000000001
1296 89 -26.215999999999998 -15.329
1296 105 -2.7489999999999997 25.226
1296 45 -20.035999999999998 25.578000000000003
1308 85 -24.918000000000003 0.264
1308 117 11.349 21.245
1308 89 -26.281999999999996 -14.955
1308 105 -2.1109999999999998 25.226
1308 46 -19.574 25.776
1320 89 -26.281999999999996 -14.604000000000001
1320 85 -24.918000000000003 -0.264
1320 46 -19.09 25.776
1320 117 10.799000000000001 21.048000000000002
1320 105 -1.5619999999999998 25.226
1332 85 -24.918000000000003 -0.902
1332 117 10.139 20.872
1332 105 -0.99 25.226
1332 89 -26.281999999999996 -14.252
1332 46 -18.605999999999998 25.951999999999998
1344 85 -24.918000000000003 -1.452
1344 89 -26.281999999999996 -13.68
1344 117 9.523 20.872
1344 105 -0.418 25.226
1344 46 -18.122 25.951999999999998
1356 117 8.995 20.674
1356 89 -26.37 -13.328
1356 112 24.984 24.588
1356 46 -17.639 25.951999999999998
1356 105 0.22 25.226
1356 85 -24.918000000000003 -1.979
1356 108 25.138 60.788999999999994
1368 85 -24.918000000000003 -2.551
1368 112 24.413 24.588
1368 46 -17.177 25.951999999999998
1368 108 25.138 60.24
1368 105 0.77 25.226
1368 89 -26.37 -12.975999999999999
1368 117 8.467 20.674
1380 85 -24.918000000000003 -3.0789999999999997
1380 105 1.3419999999999999 25.226
1380 112 23.929000000000002 24.588
1380 46 -16.605 26.128
1380 89 -26.37 -12.425999999999998
1380 117 7.962000000000001 20.498
1380 108 25.138 59.86600000000001
1392 108 25.138 59.338
1392 105 1.979 25.226
1392 89 -26.458000000000002 -12.052
1392 85 -25.006 -3.6289999999999996
1392 117 7.434 20.41
1392 46 -16.121 26.128
1392 112 23.445 24.588
1404 46 -15.637 26.128
1404 108 25.138 58.788000000000004
1404 105 2.5069999999999997 25.226
1404 117 6.906000000000001 20.322
1404 85 -25.006 -4.178999999999999
1404 89 -26.458000000000002 -11.7
1404 112 22.961 24.588
1416 112 22.476999999999997 24.588
1416 117 6.422000000000001 20.234
1416 108 25.138 58.238
1416 85 -25.006 -4.707
1416 105 2.969 25.226
1416 89 -26.458000000000002 -11.173
1416 46 -15.087 26.304000000000002
1428 108 25.182 57.71
1428 46 -14.604000000000001 26.304000000000002
1428 112 21.861 24.391
1428 89 -26.458000000000002 -10.777000000000001
1428 105 3.497 25.226
1428 85 -25.094 -5.256
1428 117 5.916 20.058
1440 89 -26.458000000000002 -10.425
1440 46 -14.12 26.304000000000002
1440 108 25.182 57.336000000000006
1440 106 4.025 25.226
1440 112 21.289 24.391
1440 117 5.256 20.058
1440 85 -25.094 -5.806
1452 106 4.575 25.226
1452 108 25.182 56.787
1452 112 20.63 24.391
1452 85 -25.094 -6.334
1452 117 4.553 20.058
1452 46 -13.636 26.304000000000002
1452 89 -26.458000000000002 -9.897
1464 117 3.8930000000000002 19.882
1464 46 -13.085999999999999 26.502
1464 108 25.182 56.25899999999999
1464 112 20.014 24.215
1464 85 -25.094 -6.906000000000001
1464 106 5.102 25.226
1476 106 5.63 25.226
1476 85 -25.182 -7.434
1476 46 -12.602 26.502
1476 108 25.182 55.708999999999996
1476 112 19.442 24.215
1476 118 3.2769999999999997 19.882
1488 85 -25.182 -7.984
1488 118 2.617 19.882
1488 108 25.182 55.159
1488 46 -12.118 26.502
1488 112 18.782 24.215
1488 106 6.1579999999999995 25.226
1500 112 18.254 24.215
1500 106 6.707999999999999 25.401999999999997
1500 118 1.9569999999999999 19.882
1500 108 25.204 54.806999999999995
1500 46 -11.546 26.678
1500 85 -25.182 -8.533
1512 85 -25.27 -9.061
1512 106 7.434 25.204
1512 108 24.984 53.62
1512 46 -11.283 26.59
1512 112 17.352999999999998 24.127
1512 118 1.7369999999999999 19.772000000000002
1524 85 -25.336 -9.611
1524 112 16.473 24.127
1524 118 1.54 19.86
1524 108 24.764 52.542
1524 46 -10.997 26.48
1524 106 8.138 25.226
1536 118 1.1 19.86
1536 108 24.764 52.36600000000001
1536 46 -10.732999999999999 26.48
1536 112 15.681 24.127
1536 106 8.951 25.138
1548 106 9.105 25.05
1548 47 -10.425 26.392
1548 118 0.528 19.86
1548 108 24.72 51.97
1548 112 14.779000000000002 24.127
1560 106 8.951 24.676
1560 47 -9.875 26.48
1560 118 -0.022000000000000002 19.86
1560 108 24.72 51.618
1560 112 14.142000000000001 23.951
1572 106 9.413 24.676
1572 47 -9.105 26.48
1572 118 -0.55 19.86
1572 112 13.548 23.951
1572 108 24.72 51.266000000000005
1584 112 12.998 23.951
1584 118 -1.1 19.86
1584 47 -8.401 26.48
1584 106 10.732999999999999 25.05
1584 108 24.72 50.606
1596 113 12.404000000000002 23.951
1596 47 -7.917999999999999 26.48
1596 106 11.48 25.401999999999997
1596 109 24.72 49.903
1596 118 -1.7369999999999999 19.596
1608 118 -2.551 19.42
1608 47 -7.434 26.48
1608 113 11.832 23.951
1608 109 24.808000000000003 49.375
1608 106 12.008 25.776
1620 109 24.631999999999998 48.803000000000004
1620 113 11.217 23.951
1620 106 12.47 26.04
1620 118 -3.145 19.244
1620 47 -7.037999999999999 26.304000000000002
1632 47 -6.553999999999999 26.304000000000002
1632 109 24.566 48.275
1632 106 13.152000000000001 25.776
1632 118 -3.6510000000000002 18.892
1632 113 10.667 23.951
1644 109 24.566 47.703
1644 113 10.117 23.863000000000003
1644 118 -4.178999999999999 18.672
1644 47 -6.1579999999999995 26.128
1644 106 13.79 25.401999999999997
1656 47 -5.63 26.128
1656 106 14.472000000000001 25.226
1656 109 24.566 46.648
1656 118 -4.663 18.496
1656 113 9.501 23.863000000000003
1668 109 24.566 45.548
1668 113 8.929 23.863000000000003
1668 106 14.867 25.226
1668 118 -5.19 18.32
1668 47 -4.926 26.128
1680 47 -4.178999999999999 25.951999999999998
1680 107 15.350999999999999 25.401999999999997
1680 118 -5.806 18.32
1680 109 24.566 45.02
1680 113 8.357000000000001 23.863000000000003
1692 107 15.945 25.401999999999997
1692 118 -6.422000000000001 18.496
1692 109 24.72 45.02
1692 113 7.7860000000000005 23.863000000000003
1692 47 -3.9589999999999996 25.951999999999998
1704 118 -7.037999999999999 18.672
1704 47 -3.783 25.776
1704 107 16.671 25.226
1704 109 24.808000000000003 44.8
1704 113 7.192 23.775
1716 113 6.62 23.775
1716 107 17.397000000000002 25.028000000000002
1716 47 -3.475 25.776
1716 109 24.896 44.8
1716 119 -7.676 18.892
1728 113 6.026 23.775
1728 119 -8.312999999999999 19.067999999999998
1728 107 18.034000000000002 24.851999999999997
1728 47 -2.991 26.128
1728 109 24.808000000000003 44.272
1740 107 18.605999999999998 24.851999999999997
1740 113 5.476 23.686999999999998
1740 47 -2.419 26.304000000000002
1740 109 24.72 43.745
1740 119 -8.951 19.067999999999998
1752 47 -1.935 26.854
1752 113 4.861000000000001 23.686999999999998
1752 109 24.566 42.997
1752 107 19.156 24.764
1752 119 -10.227 18.584
1764 119 -11.59 17.881
1764 113 4.289 23.686999999999998
1764 107 19.727999999999998 24.676
1764 109 24.478 42.645
1764 47 -1.452 27.228
1776 119 -12.404000000000002 17.793
1776 107 20.278 24.676
1776 113 3.717 23.686999999999998
1776 109 24.478 42.468999999999994
1776 47 -0.968 27.58
1788 119 -13.042 17.793
1788 109 24.478 42.117
1788 48 -0.506 27.58
1788 113 3.145 23.686999999999998
1788 107 20.761999999999997 24.588
1800 107 21.311 24.588
1800 48 -0.044000000000000004 27.404
1800 119 -13.68 17.793
1800 113 2.529 23.686999999999998
1800 109 24.478 41.897
1812 107 21.883000000000003 24.5
1812 48 0.44 27.228
1812 119 -14.252 17.793
1812 109 24.478 41.721000000000004
1812 113 1.979 23.686999999999998
1824 113 1.386 23.599
1824 119 -14.800999999999998 17.793
1824 48 1.012 27.052
1824 109 24.478 41.721000000000004
1824 107 22.366999999999997 24.413
1836 114 0.8140000000000001 23.599
1836 110 24.478 41.721000000000004
1836 48 1.584 26.678
1836 119 -15.527000000000001 17.968
1836 107 22.851 24.5
1848 110 24.478 41.721000000000004
1848 48 2.155 26.678
1848 107 23.313000000000002 24.5
1848 114 0.22 23.599
1848 119 -16.319000000000003 17.968
1860 107 23.796999999999997 24.303
1860 48 2.6830000000000003 26.48
1860 119 -17.045 17.968
1860 110 24.478 41.721000000000004
1860 114 -0.35200000000000004 23.511
1872 119 -17.771 17.968
1872 110 24.478 41.721000000000004
1872 107 24.127 23.775
1872 114 -0.99 23.511
1872 48 3.1010000000000004 26.128
1884 114 -1.54 23.511
1884 107 24.522 23.247
1884 48 3.6510000000000002 26.304000000000002
1884 110 24.478 41.721000000000004
1884 119 -18.254 17.968
1896 114 -2.155 23.511
1896 119 -18.804000000000002 17.968
1896 48 4.311 26.678
1896 110 24.478 41.545
1896 107 24.61 23.247
1908 110 24.478 41.545
1908 119 -19.2 17.968
1908 107 24.61 23.247
1908 114 -2.705 23.511
1908 48 4.795 26.678
1920 48 5.278 26.304000000000002
1920 119 -19.53 17.968
1920 110 24.478 41.545
1920 114 -3.299 23.423000000000002
1932 114 -3.8710000000000004 23.423000000000002
1932 48 5.6739999999999995 26.128
1932 119 -19.794 17.968
1932 110 24.478 41.545
1944 114 -4.487 23.423000000000002
1944 48 6.07 26.128
1944 110 24.478 41.545
1944 119 -20.322 17.968
1956 110 24.478 41.545
1956 114 -5.013999999999999 23.423000000000002
1956 48 6.466 26.128
1968 120 15.945 18.98
1968 48 6.862 26.128
1968 110 24.478 41.545
1968 114 -5.63 23.423000000000002
1980 120 15.395 18.98
1980 114 -6.202000000000001 23.423000000000002
1980 110 24.325 41.193000000000005
1980 48 7.346 26.128
1992 110 24.083000000000002 40.666
1992 48 7.83 26.128
1992 114 -6.796 23.423000000000002
1992 120 14.845 18.98
2004 114 -7.346 23.423000000000002
2004 120 14.23 18.584
2004 110 23.929000000000002 40.27
2004 48 8.138 26.04
2016 120 13.614 18.584
2016 110 23.929000000000002 39.742
2016 48 8.488999999999999 25.951999999999998
2016 114 -8.006 23.423000000000002
2028 49 8.907 25.864
2028 114 -8.599 23.423000000000002
2028 120 12.954 18.584
2028 110 23.973000000000003 39.302
2040 49 9.281 25.864
2040 110 23.973000000000003 38.906
2040 114 -9.237 23.511
2040 120 12.338 18.584
2052 49 9.633 25.776
2052 120 11.722000000000001 18.672
2052 110 24.017 38.378
2052 114 -9.831 23.511
2064 120 11.107000000000001 18.672
2064 49 9.985 25.688000000000002
2064 114 -10.491 23.599
2064 110 24.017 38.025999999999996
2076 115 -11.107000000000001 23.599
2076 49 10.380999999999998 25.578000000000003
2076 111 24.017 37.564
2076 120 10.469000000000001 18.672
2088 120 9.831 18.672
2088 115 -11.722000000000001 23.599
2088 111 24.039 37.015
2088 49 10.755 25.49
2100 111 24.039 36.663000000000004
2100 115 -12.338 23.686999999999998
2100 49 11.151 25.401999999999997
2100 120 9.193 18.782
2112 111 24.083000000000002 36.201
2112 49 11.48 25.314
2112 115 -12.954 23.686999999999998
2112 120 8.577 18.782
2124 49 11.876 25.314
2124 120 7.962000000000001 18.782
2124 111 24.083000000000002 35.739000000000004
2124 115 -13.614 23.775
2136 49 12.228 25.226
2136 120 7.346 18.87
2136 111 24.127 35.299
2136 115 -14.23 23.775
2148 115 -14.845 23.775
2148 111 24.127 34.836999999999996
2148 49 12.624 25.138
2148 120 6.664 18.87
2160 115 -15.482999999999999 23.863000000000003
2160 120 6.07 18.87
2160 49 12.998 25.05
2160 111 24.171 34.375
2172 111 24.171 33.936
2172 115 -16.077 23.863000000000003
2172 49 13.35 24.962
2172 120 5.41 18.87
2184 120 4.817 18.87
2184 115 -16.715 24.039
2184 111 24.259 33.562
2184 49 13.482000000000001 24.851999999999997
2196 115 -17.199 24.039
2196 120 4.2669999999999995 18.87
2196 49 13.085999999999999 24.676
2196 111 24.259 33.385999999999996
2208 115 -17.771 24.039
2208 121 3.695 18.87
2208 111 24.259 33.298
2208 49 12.668 24.5
2220 121 3.145 18.782
2220 111 24.259 33.21
2220 49 12.338 24.325
2220 115 -18.32 24.039
2232 115 -18.804000000000002 24.039
2232 111 24.259 33.034
2232 49 11.942 23.951
2232 121 2.573 18.694000000000003
2244 115 -19.375999999999998 24.039
2244 49 11.546 23.775
2244 111 24.259 32.836
2244 121 1.979 18.694000000000003
2256 121 1.4080000000000001 18.605999999999998
2256 111 24.259 32.748000000000005
2256 115 -19.926 24.039
2256 49 11.239 23.599
2268 121 0.858 18.496
2268 50 10.843 23.401
2268 115 -20.41 24.039
2268 111 24.259 32.571999999999996
2280 115 -20.96 24.039
2280 50 10.425 23.225
2280 111 24.259 32.396
2280 121 0.308 18.496
2292 115 -21.443 24.039
2292 111 24.281 32.198
2292 121 -0.264 18.408
2292 50 10.029 22.873
2304 50 9.699 22.675
2304 121 -0.836 18.408
2304 111 24.281 32.022
2304 115 -22.015 24.039
2316 50 9.302999999999999 22.499000000000002
2316 121 -1.386 18.32
2328 121 -1.979 18.232
2328 50 8.907 22.323
2340 50 8.511000000000001 22.147
2340 121 -2.595 18.232
2352 121 -3.145 18.055999999999997
2352 50 8.116 21.773000000000003
2364 121 -3.717 18.055999999999997
2364 50 7.544 21.773000000000003
2376 50 6.972 21.596999999999998
2376 128 -24.984 -6.796
2376 121 -4.2669999999999995 18.055999999999997
2388 128 -25.204 -6.796
2388 121 -4.904 17.881
2388 50 6.422000000000001 21.421
2400 121 -5.476 17.881
2400 50 5.872000000000001 21.421
2400 128 -25.468000000000004 -6.796
2412 121 -6.026 17.881
2412 50 5.3 21.223000000000003
2412 128 -25.644000000000002 -6.796
2424 50 4.729 21.048000000000002
2424 128 -25.886 -6.707999999999999
2424 121 -6.664 17.705
2436 128 -25.886 -6.334
2436 50 4.178999999999999 21.048000000000002
2436 121 -7.236000000000001 17.705
2448 126 -29.581 45.086000000000006
2448 122 -7.7860000000000005 17.705
2448 50 3.6289999999999996 20.872
2448 128 -25.974 -5.806
2448 124 -30.416999999999998 46.45
2460 50 3.145 20.872
2460 126 -29.383000000000003 45.284
2460 128 -25.974 -5.454
2460 122 -8.357000000000001 17.705
2460 130 -28.899 8.818999999999999
2460 124 -30.197 46.626000000000005
2472 124 -29.756999999999998 47.088
2472 130 -28.569000000000003 8.247
2472 126 -29.053 45.636
2472 128 -25.974 -5.08
2472 50 2.661 20.695999999999998
2472 122 -8.907 17.705
2484 122 -9.479 17.705
2484 50 2.265 20.498
2484 124 -29.339000000000002 47.549
2484 126 -28.745 45.9
2484 130 -28.261 7.72
2484 128 -26.061999999999998 -4.707
2496 124 -28.921 47.989
2496 126 -28.415 46.273999999999994
2496 130 -27.930999999999997 7.17
2496 50 1.781 20.322
2496 122 -10.029 17.705
2496 128 -26.061999999999998 -4.178999999999999
2508 124 -28.525 48.363
2508 128 -26.061999999999998 -3.717
2508 126 -28.019000000000002 46.714
2508 51 1.43 20.234
2508 130 -27.776999999999997 6.532
2508 122 -10.557 17.705
2520 126 -27.58 47.263000000000005
2520 130 -27.689 6.004
2520 51 1.1 20.146
2520 128 -26.018 -3.167
2520 122 -11.040999999999999 17.793
2520 124 -28.085 48.626999999999995
2532 128 -25.93 -2.727
2532 126 -27.118000000000002 47.725
2532 122 -11.48 17.881
2532 51 0.748 20.234
2532 130 -27.646 5.343999999999999
2532 124 -27.689 48.913000000000004
2544 126 -26.678 48.165
2544 130 -27.535999999999998 4.817
2544 51 0.374 20.146
2544 122 -11.964 17.968
2544 124 -27.25 49.265
2544 128 -25.886 -2.155
2556 122 -12.425999999999998 18.055999999999997
2556 126 -26.281999999999996 48.736999999999995
2556 130 -27.491999999999997 4.178999999999999
2556 124 -26.81 49.617
2556 51 0.044000000000000004 20.146
2556 128 -25.798000000000002 -1.6280000000000001
2568 122 -12.91 18.055999999999997
2568 126 -25.842 49.177
2568 51 -0.308 20.146
2568 124 -26.414 49.903
2568 130 -27.381999999999998 3.717
2568 128 -25.754 -1.188
2580 126 -25.424 49.705
2580 122 -13.437999999999999 18.166
2580 51 -0.7040000000000001 20.234
2580 54 25.622 26.854
2580 124 -25.974 50.255
2580 128 -25.71 -0.616
2580 130 -27.338 3.0789999999999997
2592 128 -25.71 -0.17600000000000002
2592 124 -25.555999999999997 50.628
2592 130 -27.272 2.551
2592 122 -14.097999999999999 18.166
2592 51 -1.188 20.234
2592 54 25.05 26.502
2592 126 -25.006 50.18899999999999
2604 128 -25.622 0.35200000000000004
2604 51 -1.671 20.234
2604 130 -27.184 2.001
2604 54 24.631999999999998 26.304000000000002
2604 122 -14.626 18.342
2604 124 -25.16 50.98
2604 126 -24.61 50.54
2616 129 -25.578000000000003 0.924
2616 124 -24.764 51.53
2616 126 -24.215 51.068000000000005
2616 122 -15.197000000000001 18.342
2616 54 24.171 26.128
2616 130 -27.096 1.364
2616 51 -2.155 20.234
2628 124 -24.369 51.903999999999996
2628 54 23.753 25.951999999999998
2628 130 -27.052 0.8140000000000001
2628 122 -15.769 18.342
2628 126 -23.819000000000003 51.442
2628 129 -25.578000000000003 1.364
2628 51 -2.639 20.234
2640 54 23.291 25.776
2640 122 -16.340999999999998 18.342
2640 126 -23.401 51.992
2640 129 -25.732 1.913
2640 51 -3.123 20.058
2640 124 -23.973000000000003 52.431999999999995
2640 130 -26.941999999999997 0.264
2652 54 22.807 25.578000000000003
2652 129 -25.798000000000002 2.265
2652 51 -3.585 20.058
2652 124 -23.665 52.806000000000004
2652 122 -16.957 18.342
2652 126 -23.005 52.343999999999994
2652 130 -26.898000000000003 -0.264
2664 51 -4.069 20.058
2664 126 -22.609 52.894
2664 54 22.389 25.401999999999997
2664 129 -25.886 2.815
2664 122 -17.529 18.342
2664 124 -23.269000000000002 53.356
2664 130 -26.81 -0.924
2676 54 21.927 25.226
2676 124 -22.851 53.708
2676 122 -18.1 18.342
2676 129 -26.061999999999998 3.365
2676 51 -4.553 20.058
2676 130 -26.721999999999998 -1.452
2676 126 -22.213 53.268
2688 125 -22.433000000000003 54.257
2688 123 -18.628 18.518
2688 129 -26.15 3.717
2688 127 -21.816999999999997 53.795
2688 51 -5.013999999999999 19.882
2688 130 -26.656 -1.979
2688 54 21.509 25.05
2700 131 -26.59 -2.551
2700 125 -22.037 54.608999999999995
2700 129 -26.215999999999998 4.2669999999999995
2700 123 -19.2 18.694000000000003
2700 51 -5.3660000000000005 19.882
2700 127 -21.487 54.147
2700 54 21.048000000000002 25.05
2712 125 -21.729 55.159
2712 123 -19.86 18.87
2712 51 -5.827999999999999 19.882
2712 54 20.564 24.676
2712 129 -26.37 4.817
2712 131 -26.59 -3.255
2712 127 -21.092 54.718999999999994
2724 54 20.124000000000002 24.413
2724 131 -26.502 -3.827
2724 127 -20.608 55.071000000000005
2724 129 -26.458000000000002 5.167999999999999
2724 125 -21.333000000000002 55.533
2724 51 -6.312 19.882
2724 123 -20.41 18.87
2736 125 -20.85 56.06100000000001
2736 131 -26.414 -4.355
2736 123 -20.96 18.87
2736 127 -20.212 55.423
2736 54 19.684 24.127
2736 129 -26.634 5.718
2736 51 -6.796 19.882
2748 54 19.2 23.775
2748 129 -26.854 6.07
2748 125 -20.454 56.435
2748 131 -26.326 -4.883
2748 127 -19.816 55.995
2748 123 -21.619 18.694000000000003
2748 52 -7.257999999999999 19.882
2760 125 -20.058 56.985
2760 127 -19.398 56.347
2760 123 -22.169 18.694000000000003
2760 52 -7.742000000000001 19.882
2760 129 -27.096 6.444
2760 54 18.76 23.489
2760 131 -26.26 -5.454
2772 54 18.276 23.225
2772 125 -19.662 57.336000000000006
2772 127 -18.936 56.699
2772 129 -27.426 6.818
2772 52 -8.312999999999999 19.882
2772 131 -26.326 -5.806
2772 123 -22.719 18.518
2784 129 -27.646 7.346
2784 52 -8.797 19.882
2784 54 17.793 22.961
2784 123 -23.379 18.518
2784 125 -19.244 57.71
2784 131 -26.414 -6.1579999999999995
2784 127 -18.518 57.05
2796 131 -26.414 -6.73
2796 52 -9.281 19.882
2796 127 -18.21 57.622
2796 123 -23.929000000000002 18.342
2796 129 -27.909000000000002 7.72
2796 54 17.352999999999998 22.675
2796 125 -18.848 58.238
2808 129 -28.129 8.072000000000001
2808 123 -24.478 18.342
2808 131 -26.414 -7.434
2808 54 16.913 22.410999999999998
2808 52 -9.765 19.882
2808 127 -17.881 58.15
2808 125 -18.452 58.7
2820 52 -10.249 19.882
2820 123 -25.05 18.342
2820 55 16.429000000000002 22.037
2820 129 -28.393 8.621
2820 127 -17.573 58.7
2820 131 -26.326 -8.181000000000001
2820 125 -18.055999999999997 59.25
2832 127 -17.243 59.074
2832 52 -10.732999999999999 19.882
2832 131 -26.326 -8.885
2832 129 -28.789 8.621
2832 125 -17.705 59.69
2832 55 15.989 21.861
2832 123 -25.842 18.166
2844 127 -16.913 59.602
2844 131 -26.26 -9.413
2844 125 -17.287 60.152
2844 55 15.505 21.509
2844 129 -29.185 8.621
2844 123 -26.656 18.166
2844 52 -11.195 19.882
2856 127 -16.605 59.95399999999999
2856 55 15.020999999999999 21.509
2856 125 -16.891 60.613
2856 52 -11.677999999999999 19.882
2856 123 -27.381999999999998 18.166
2856 131 -26.171999999999997 -10.161
2868 52 -12.162 20.058
2868 125 -16.473 60.965
2868 123 -28.019000000000002 18.166
2868 55 14.538 21.333000000000002
2868 131 -26.171999999999997 -10.865
2868 127 -16.121 59.95399999999999
2880 131 -26.105999999999998 -11.612
2880 125 -16.077 61.317
2880 55 14.075999999999999 21.136
2880 123 -28.525 18.342
2880 52 -12.624 20.058
2880 127 -15.637 60.152
2892 127 -15.241 60.349
2892 123 -29.096999999999998 18.518
2892 55 13.592 20.96
2892 125 -15.725 61.603
2892 131 -26.105999999999998 -12.14
2892 52 -13.042 20.058
2904 52 -13.504000000000001 20.058
2904 55 13.107999999999999 20.96
2904 131 -26.018 -12.888
2904 125 -15.417 61.867
2904 123 -29.669 18.518
2904 127 -14.757 60.965
2916 52 -13.988 20.058
2916 55 12.558 20.784000000000002
2916 123 -30.175 18.694000000000003
2916 127 -14.362 61.603
2916 125 -15.152999999999999 62.131
2916 131 -26.018 -13.592
2928 55 12.074000000000002 20.586
2928 52 -14.405999999999999 20.058
2928 131 -25.93 -14.34
2940 52 -14.867 20.058
2940 55 11.59 20.41
2952 55 11.107000000000001 20.41
2952 52 -15.350999999999999 19.882
2964 52 -15.923 19.882
2964 55 10.623 20.234
2976 52 -16.407 19.882
2976 55 10.139 20.058
2988 55 9.655 19.684
2988 53 -16.979 19.882
3000 53 -17.441 19.882
3000 55 9.171 19.508
3012 55 8.621 19.332
3012 53 -17.924 19.794
3024 53 -18.408 19.794
3024 55 8.158999999999999 19.332
3036 55 7.676 19.332
3036 53 -18.848 19.794
3048 55 7.192 19.332
3048 53 -19.332 19.794
3060 53 -19.772000000000002 19.794
3060 56 6.707999999999999 19.332
3072 53 -20.212 19.794
3072 56 6.224 19.332
3084 53 -20.651999999999997 19.794
3084 56 5.74 19.332
3084 0 25.6 59.228
3096 53 -21.136 19.794
3096 56 5.256 19.222
3096 0 25.6 57.424
3108 0 25.6 55.445
3108 56 4.773 19.222
3108 53 -21.575 19.794
3120 56 4.289 19.222
3120 53 -22.059 19.794
3120 0 25.6 53.62
3132 0 25.6 51.794
3132 56 3.805 19.222
3132 53 -22.455 19.794
3144 0 25.6 49.99100000000001
3144 53 -22.939 19.794
3144 56 3.343 19.222
3156 0 25.6 48.187
3156 56 2.859 19.222
3156 53 -23.379 19.794
3168 56 2.375 19.222
3168 0 25.6 46.163999999999994
3168 53 -23.863000000000003 19.794
3180 0 25.6 44.36
3180 53 -24.346999999999998 19.882
3180 56 1.913 19.134
3192 53 -24.741999999999997 19.882
3192 56 1.43 19.134
3192 0 25.6 42.556999999999995
3204 56 0.946 19.134
3204 53 -25.226 19.882
3204 0 25.6 40.753
3216 53 -25.666 19.882
3216 0 25.6 38.906
3216 56 0.462 19.134
3228 0 25.6 36.927
3228 56 -0.022000000000000002 19.134
3240 0 25.6 35.123000000000005
3240 56 -0.506 19.134
3252 0 25.6 33.298
3252 56 -0.99 19.134
3264 56 -1.474 19.134
3264 0 25.6 31.471999999999998
3276 56 -1.9569999999999999 19.046
3276 0 25.6 29.493000000000002
3288 56 -2.441 19.046
3288 0 24.874000000000002 28.041
3300 57 -2.903 19.046
3300 0 23.357 26.941999999999997
3312 0 22.323 26.414
3312 57 -3.387 19.046
3324 57 -3.8710000000000004 19.046
3336 57 -4.333 19.046
3348 57 -4.817 19.046
3360 57 -5.343999999999999 18.958
3372 57 -5.827999999999999 18.958
3372 12 24.808000000000003 21.158
3384 57 -6.312 18.958
3384 12 24.413 21.158
3396 12 24.017 21.158
3396 7 24.369 19.948
3396 57 -6.796 18.958
3408 12 23.533 21.158
3408 57 -7.28 18.958
3408 7 23.796999999999997 19.772000000000002
3420 7 23.335 19.772000000000002
3420 57 -7.763999999999999 18.958
3420 12 23.136999999999997 21.158
3432 12 22.741 21.158
3432 7 22.851 19.596
3432 57 -8.247 18.958
3444 12 22.256999999999998 21.333000000000002
3444 57 -8.731 18.87
3444 7 22.366999999999997 19.596
3456 7 21.795 19.42
3456 12 21.861 21.333000000000002
3456 57 -9.215 18.87
3468 7 21.311 19.42
3468 57 -9.655 18.87
3468 12 21.421 21.333000000000002
3480 7 20.828000000000003 19.244
3480 12 20.96 21.333000000000002
3480 57 -10.139 18.87
3492 7 20.366 19.244
3492 57 -10.623 18.87
3492 12 20.541999999999998 21.333000000000002
3504 7 19.882 19.244
3504 57 -11.107000000000001 18.87
3504 12 20.124000000000002 21.421
3516 7 19.398 19.332
3516 12 19.64 21.421
3516 57 -11.59 18.87
3528 7 18.914 19.42
3528 12 19.156 21.421
3528 57 -12.074000000000002 18.87
3540 12 18.672 21.509
3540 7 18.43 19.508
3552 7 18.012 19.596
3552 12 18.21 21.509
3564 12 17.749000000000002 21.509
3564 7 17.529 19.794
3576 12 17.287 21.596999999999998
3576 7 17.045 19.882
3588 12 16.803 21.596999999999998
3588 7 16.561 19.882
3600 7 16.121 19.97
3600 12 16.319000000000003 21.596999999999998
3612 7 15.637 20.058
3612 13 15.835 21.596999999999998
3624 7 15.152999999999999 20.146
3624 13 15.350999999999999 21.596999999999998
3636 8 14.669 20.322
3636 13 14.889000000000001 21.596999999999998
3648 8 14.23 20.41
3648 13 14.405999999999999 21.685
3660 13 13.922 21.685
3660 8 13.745999999999999 20.498
3672 8 13.262 20.608
3672 13 13.482000000000001 21.685
3684 13 12.998 21.773000000000003
3684 8 12.777999999999999 20.695999999999998
3696 13 12.514000000000001 21.773000000000003
3696 8 12.382 20.695999999999998
3708 8 11.898 20.695999999999998
3708 13 12.03 21.773000000000003
3720 13 11.59 21.883000000000003
3720 8 11.414000000000001 20.695999999999998
3732 13 11.107000000000001 21.883000000000003
3732 8 11.019 20.695999999999998
3744 13 10.623 21.883000000000003
3744 8 10.535 20.695999999999998
3756 13 10.139 21.883000000000003
3756 8 10.051 20.695999999999998
3768 8 9.655 20.695999999999998
3768 13 9.655 21.883000000000003
3780 13 9.171 21.883000000000003
3780 8 9.171 20.695999999999998
3792 8 8.709 20.695999999999998
3792 13 8.687000000000001 21.883000000000003
3804 13 8.291 21.883000000000003
3804 8 8.291 20.608
3816 8 7.83 20.608
3816 13 7.808 21.883000000000003
3828 13 7.39 21.883000000000003
3828 8 7.412000000000001 20.608
3840 13 6.928 21.883000000000003
3840 8 6.928 20.608
3852 8 6.466 20.608
3852 14 6.51 21.773000000000003
3864 8 6.047999999999999 20.608
3864 14 6.026 21.773000000000003
3876 14 5.608 21.685
3876 9 5.586 20.608
3888 14 5.146 21.596999999999998
3888 9 5.102 20.608
3900 14 4.729 21.596999999999998
3900 9 4.685 20.498
3912 14 4.2669999999999995 21.596999999999998
3912 9 4.223 20.498
3924 17 -29.976999999999997 23.951
3924 9 3.739 20.498
3924 22 -30.021 25.138
3924 14 3.783 21.509
3936 17 -29.427 23.951
3936 14 3.365 21.399
3936 9 3.343 20.498
3936 22 -29.537 25.226
3948 17 -28.943 23.951
3948 9 2.859 20.498
3948 22 -29.053 25.314
3948 14 2.903 21.399
3960 17 -28.371 23.951
3960 22 -28.613000000000003 25.578000000000003
3960 9 2.375 20.498
3960 14 2.463 21.399
3972 14 2.023 21.311
3972 22 -28.129 25.688000000000002
3972 9 1.979 20.498
3972 17 -27.886999999999997 23.951
3984 14 1.584 21.311
3984 9 1.496 20.498
3984 17 -27.338 23.951
3984 22 -27.668000000000003 25.864
3996 9 1.034 20.498
3996 17 -26.854 23.951
3996 14 1.1 21.311
3996 22 -27.14 25.864
4008 17 -26.458000000000002 23.863000000000003
4008 14 0.462 21.311
4008 22 -26.612 25.864
4008 9 0.528 20.234
4020 22 -26.171999999999997 25.864
4020 14 -0.308 21.421
4020 17 -26.04 23.599
4020 9 0.0 20.058
4032 14 -1.034 21.509
4032 17 -25.732 23.401
4032 9 -0.55 19.882
4032 22 -25.776 25.864
4044 9 -1.078 19.706
4044 17 -25.38 23.136999999999997
4044 14 -1.781 21.596999999999998
4044 22 -25.336 25.864
4056 17 -24.918000000000003 23.136999999999997
4056 14 -2.397 21.596999999999998
4056 22 -24.896 25.864
4056 9 -1.6280000000000001 19.398
4068 22 -24.434 25.864
4068 14 -2.705 21.596999999999998
4068 17 -24.303 23.313000000000002
4068 9 -2.133 19.31
4080 14 -3.1010000000000004 21.421
4080 17 -23.730999999999998 23.313000000000002
4080 9 -2.573 19.31
4080 22 -23.995 25.864
4092 15 -3.431 21.421
4092 17 -23.159000000000002 23.489
4092 9 -3.057 19.31
4092 22 -23.621 25.864
4104 15 -3.915 21.421
4104 17 -22.543000000000003 23.665
4104 9 -3.5410000000000004 19.31
4104 22 -23.180999999999997 25.951999999999998
4116 10 -4.025 19.31
4116 22 -22.697 25.951999999999998
4116 15 -4.465 21.421
4116 17 -21.971 23.665
4128 22 -22.213 25.951999999999998
4128 10 -4.5969999999999995 19.31
4128 17 -21.092 23.863000000000003
4128 15 -5.0360000000000005 21.421
4140 15 -5.586 21.596999999999998
4140 10 -5.146 19.31
4140 17 -20.035999999999998 24.061
4140 22 -21.729 25.951999999999998
4152 15 -6.224 21.421
4152 10 -5.784 19.31
4152 22 -21.333000000000002 25.951999999999998
4152 17 -19.067999999999998 24.061
4164 18 -18.276 24.061
4164 23 -20.85 25.951999999999998
4164 10 -6.356 19.134
4164 15 -6.8839999999999995 21.421
4176 18 -17.924 24.061
4176 10 -6.752000000000001 19.134
4176 15 -7.5 21.421
4176 23 -20.366 25.776
4188 23 -19.794 25.776
4188 10 -7.148 18.958
4188 15 -7.984 21.245
4188 18 -17.529 24.061
4200 18 -17.111 24.061
4200 23 -19.178 25.776
4200 10 -7.544 18.958
4200 15 -8.401 21.048000000000002
4212 10 -8.203 18.958
4212 23 -18.694000000000003 25.776
4212 15 -8.642999999999999 21.048000000000002
4212 18 -16.759 23.951
4224 23 -18.21 25.776
4224 10 -8.687000000000001 18.958
4224 15 -8.863 21.048000000000002
4224 18 -16.363 23.951
4236 18 -15.967 23.863000000000003
4236 10 -9.171 19.134
4236 15 -9.589 21.048000000000002
4236 23 -17.727 25.776
4248 18 -15.571 23.863000000000003
4248 15 -10.402999999999999 21.048000000000002
4248 23 -17.155 25.951999999999998
4248 10 -9.633 18.958
4260 15 -10.557 21.048000000000002
4260 10 -10.117 18.782
4260 23 -16.671 25.951999999999998
4260 18 -15.197000000000001 23.775
4272 15 -11.524000000000001 20.872
4272 23 -16.187 25.776
4272 18 -14.800999999999998 23.775
4272 10 -10.447000000000001 18.782
4284 18 -14.405999999999999 23.775
4284 10 -10.755 18.782
4284 15 -11.677999999999999 20.872
4284 23 -15.725 25.776
4296 23 -15.175 25.776
4296 18 -14.032 23.775
4296 15 -11.92 21.048000000000002
4296 10 -11.062999999999999 18.782
4308 15 -12.315999999999999 21.048000000000002
4308 18 -13.57 23.775
4308 10 -11.414000000000001 18.958
4308 23 -14.690999999999999 25.776
4320 18 -12.91 23.775
4320 10 -11.722000000000001 18.958
4320 15 -12.866 21.048000000000002
4320 23 -14.515999999999998 25.776
4332 16 -13.437999999999999 21.048000000000002
4332 23 -14.515999999999998 25.776
4332 18 -12.36 23.951
4332 10 -12.03 18.958
4344 18 -11.722000000000001 23.951
4344 10 -12.36 18.958
4344 23 -14.515999999999998 25.776
4344 16 -13.922 21.048000000000002
4356 18 -11.151 23.951
4356 16 -14.318 21.048000000000002
4356 23 -14.515999999999998 25.776
4356 11 -12.822000000000001 18.958
4368 18 -10.667 23.951
4368 23 -13.548 25.951999999999998
4368 11 -13.306 18.958
4368 16 -14.713 21.048000000000002
4380 11 -13.878 18.958
4380 16 -15.109000000000002 21.245
4380 23 -12.118 26.128
4380 18 -10.205 23.951
4392 16 -15.527000000000001 21.048000000000002
4392 23 -10.755 26.48
4392 11 -14.362 18.782
4392 18 -9.721 23.951
4404 19 -9.237 23.951
4404 11 -14.933 18.782
4404 24 -10.270999999999999 26.48
4404 16 -15.923 21.048000000000002
4416 11 -15.417 18.782
4416 24 -9.721 26.48
4416 16 -16.319000000000003 21.048000000000002
4416 19 -8.753 23.951
4428 11 -15.879000000000001 18.782
4428 16 -16.891 21.048000000000002
4428 24 -9.237 26.48
4428 19 -8.203 23.951
4440 11 -16.363 18.782
4440 16 -17.529 21.245
4440 19 -7.632000000000001 23.951
4440 24 -8.665 26.48
4452 16 -18.078 21.421
4452 19 -7.082000000000001 24.149
4452 24 -8.181000000000001 26.48
4452 11 -16.847 18.782
4464 24 -7.632000000000001 26.48
4464 16 -18.078 21.421
4464 19 -6.51 24.149
4464 11 -17.309 18.958
4476 19 -5.96 24.325
4476 24 -6.994 26.48
4476 11 -17.793 18.958
4476 16 -18.078 21.421
4488 19 -5.388 24.325
4488 16 -18.078 21.421
4488 24 -6.356 26.48
4488 11 -18.276 18.958
4500 11 -19.002 18.958
4500 24 -5.718 26.48
4500 16 -19.442 21.048000000000002
4500 19 -4.8389999999999995 24.5
4512 19 -4.355 24.325
4512 24 -5.234 26.392
4512 16 -19.97 20.872
4512 11 -19.486 18.87
4524 24 -4.707 26.392
4524 16 -20.476 20.872
4524 11 -19.926 18.87
4524 19 -3.827 24.325
4536 16 -20.96 20.872
4536 24 -4.178999999999999 26.392
4536 19 -3.343 24.325
4536 11 -20.366 18.87
4548 24 -3.673 26.392
4548 16 -21.443 20.761999999999997
4548 11 -20.85 18.87
4548 19 -2.8369999999999997 24.325
4560 11 -21.289 18.87
4560 24 -3.1010000000000004 26.392
4560 19 -2.309 24.325
4560 16 -21.927 20.674
4572 11 -21.729 18.87
4572 19 -1.781 24.325
4572 24 -2.639 26.392
4584 19 -1.298 24.325
4584 11 -22.169 18.87
4584 24 -2.0669999999999997 26.392
4596 19 -0.77 24.325
4596 24 -1.584 26.392
4608 19 -0.264 24.325
4608 24 -1.034 26.392
4620 24 -0.506 26.392
4620 19 0.242 24.325
4632 24 0.022000000000000002 26.392
4632 19 0.726 24.325
4644 20 1.254 24.325
4644 25 0.55 26.392
4656 25 1.056 26.392
4656 20 1.781 24.325
4668 20 2.309 24.325
4668 25 1.584 26.392
4680 20 2.793 24.325
4680 25 2.133 26.392
4692 25 2.617 26.392
4692 20 3.299 24.325
4704 25 3.1889999999999996 26.392
4704 20 3.805 24.325
4716 25 3.673 26.392
4716 20 4.333 24.325
4728 25 4.223 26.392
4728 20 4.861000000000001 24.325
4740 20 5.343999999999999 24.325
4740 25 4.729 26.392
4752 25 5.256 26.304000000000002
4752 20 5.894 24.325
4764 25 5.784 26.304000000000002
4764 20 6.377999999999999 24.325
4776 25 6.312 26.304000000000002
4776 20 6.906000000000001 24.325
4788 20 7.39 24.325
4788 25 6.84 26.304000000000002
4800 20 7.962000000000001 24.325
4800 25 7.367999999999999 26.304000000000002
4812 20 8.423 24.325
4812 25 7.852 26.304000000000002
4824 25 8.379 26.304000000000002
4824 20 8.929 24.325
4836 20 9.413 24.325
4836 25 8.907 26.304000000000002
4848 25 9.435 26.304000000000002
4848 20 9.941 24.325
4860 25 10.007 26.304000000000002
4860 20 10.469000000000001 24.325
4872 25 10.447000000000001 26.304000000000002
4872 20 10.997 24.325
4884 26 11.019 26.304000000000002
4884 21 11.48 24.325
4896 26 11.502 26.304000000000002
4896 21 11.985999999999999 24.325
4908 26 12.074000000000002 26.304000000000002
4908 21 12.492 24.325
4920 26 12.602 26.304000000000002
4920 21 13.02 24.325
4932 21 13.548 24.325
4932 26 13.13 26.304000000000002
4944 26 13.614 26.304000000000002
4944 21 14.032 24.325
4956 21 14.604000000000001 24.325
4956 26 14.142000000000001 26.304000000000002
4968 21 15.065 24.325
4968 26 14.669 26.304000000000002
4980 21 15.593 24.325
4980 26 15.241 26.304000000000002
4992 21 16.077 24.325
4992 26 15.725 26.304000000000002
5004 21 16.605 24.325
5004 26 16.275 26.215999999999998
5016 26 16.825 26.128
5016 21 17.067 24.413
5028 21 17.551 24.5
5028 26 17.441 26.04
5040 26 17.945999999999998 25.951999999999998
5040 21 18.078 24.588
5052 26 18.518 25.951999999999998
5052 21 18.562 24.764
5064 34 -29.933000000000003 8.972999999999999
5064 26 18.914 25.951999999999998
5064 21 19.046 24.94
5076 21 19.574 25.05
5076 26 19.31 25.951999999999998
5076 34 -29.537 8.797
5088 21 20.058 25.05
5088 26 19.794 25.951999999999998
5088 34 -29.141 8.621
5100 21 20.586 25.05
5100 26 20.366 25.951999999999998
5100 34 -28.811 8.445
5112 26 20.916 25.951999999999998
5112 21 21.158 25.05
5112 34 -28.415 8.269
5124 34 -28.107 8.072000000000001
5136 34 -27.776999999999997 7.72
5148 34 -27.535999999999998 7.346
5160 34 -27.206 6.994
5172 34 -26.986 6.444
5184 34 -26.81 6.07
5196 34 -26.81 5.894
5196 27 -30.416999999999998 25.138
5208 34 -26.81 5.542000000000001
5208 27 -29.779 25.138
5220 34 -26.744 5.167999999999999
5220 27 -29.206999999999997 25.138
5232 34 -26.744 4.817
5232 27 -28.590999999999998 25.138
5244 34 -26.656 4.4430000000000005
5244 27 -27.930999999999997 25.138
5256 27 -27.36 25.138
5256 34 -26.656 3.915
5268 34 -26.568 3.365
5268 27 -26.744 25.138
5280 34 -26.502 2.639
5280 27 -26.084 25.314
5292 34 -26.414 2.089
5292 27 -25.291999999999998 25.314
5304 27 -24.588 25.314
5304 35 -26.326 1.54
5316 27 -23.840999999999998 25.314
5316 35 -26.26 1.012
5328 27 -23.049 25.314
5328 35 -26.26 0.462
5340 35 -26.26 0.08800000000000001
5340 27 -22.345 25.314
5352 35 -26.171999999999997 -0.44
5352 27 -21.596999999999998 25.314
5364 35 -26.171999999999997 -0.99
5364 27 -20.894000000000002 25.314
5376 35 -26.171999999999997 -1.364
5376 27 -20.234 25.49
5388 35 -26.171999999999997 -1.891
5388 27 -19.53 25.49
5400 27 -18.87 25.688000000000002
5400 35 -26.26 -2.265
5412 27 -18.166 25.688000000000002
5412 35 -26.326 -2.815
5424 35 -26.414 -3.343
5424 27 -17.463 25.864
5436 35 -26.502 -3.717
5436 28 -16.803 25.864
5448 35 -26.502 -4.2669999999999995
5448 28 -16.099 25.864
5460 35 -26.502 -4.795
5460 28 -15.350999999999999 25.864
5472 28 -14.735 25.864
5472 35 -26.502 -5.343999999999999
5484 35 -26.502 -5.894
5484 28 -13.988 25.864
5496 35 -26.502 -6.62
5496 28 -13.284 25.864
5508 35 -26.502 -6.994
5508 28 -12.668 25.688000000000002
5520 35 -26.458000000000002 -7.346
5520 28 -12.03 25.578000000000003
5532 35 -26.414 -7.522
5532 28 -11.414000000000001 25.401999999999997
5544 36 -26.37 -7.7860000000000005
5544 28 -10.755 25.314
5556 28 -10.117 25.226
5556 36 -26.326 -8.072000000000001
5568 28 -9.457 25.05
5568 36 -26.26 -8.357000000000001
5580 28 -8.885 24.962
5580 36 -26.215999999999998 -8.533
5592 28 -8.247 24.785999999999998
5592 36 -26.128 -8.885
5604 28 -7.587999999999999 24.698
5604 36 -26.128 -9.611
5616 36 -26.128 -10.337
5616 28 -6.95 24.478
5628 28 -6.312 24.391
5628 36 -26.128 -11.062999999999999
5640 28 -5.63 24.391
5640 36 -26.215999999999998 -11.612
5652 28 -5.058 24.391
5652 36 -26.215999999999998 -12.338
5664 28 -4.4430000000000005 24.391
5664 36 -26.215999999999998 -13.064
5676 36 -26.215999999999998 -13.592
5676 29 -3.783 24.391
5688 29 -3.167 24.588
5688 36 -26.215999999999998 -13.966
5700 36 -26.215999999999998 -14.515999999999998
5700 29 -2.5069999999999997 24.588
5712 36 -26.215999999999998 -15.043
5712 29 -1.847 24.588
5724 36 -26.215999999999998 -15.417
5724 29 -1.232 24.785999999999998
5736 36 -26.215999999999998 -15.967
5736 29 -0.5720000000000001 24.785999999999998
5748 29 0.044000000000000004 24.785999999999998
5748 36 -26.215999999999998 -16.495
5760 36 -26.215999999999998 -17.067
5760 29 0.792 24.962
5772 36 -26.215999999999998 -17.595
5772 29 1.4080000000000001 24.962
5784 29 2.155 25.138
5796 29 2.859 25.138
5808 29 3.5189999999999997 25.226
5820 29 4.223 25.314
5832 29 4.926 25.401999999999997
5844 29 5.586 25.401999999999997
5856 29 6.29 25.578000000000003
5868 29 6.95 25.578000000000003
5880 29 7.654 25.754
5892 29 8.312999999999999 25.754
5904 29 9.017000000000001 25.951999999999998
5916 30 9.765 25.951999999999998
5928 30 10.380999999999998 25.951999999999998
5940 30 11.107000000000001 25.951999999999998
5952 30 11.744000000000002 25.951999999999998
5964 30 12.404000000000002 25.951999999999998
5976 30 13.107999999999999 25.754
5988 30 13.767999999999999 25.754
6000 30 14.472000000000001 25.754
6012 30 15.197000000000001 25.754
6024 30 15.901 25.754
6036 30 16.649 25.754
6048 30 17.397000000000002 25.754
6060 30 18.122 25.754
6072 30 18.826 25.754
6084 30 19.64 25.754
6096 30 20.344 25.754
6108 30 21.07 25.754
6120 30 21.861 25.754
6132 30 22.565 25.754
6144 30 23.291 25.754
6276 31 25.622 57.248000000000005
6288 31 25.622 56.875
6300 31 25.622 56.347
6312 31 25.622 55.797
6324 31 25.622 55.423
6336 31 25.622 54.895
6348 31 25.622 54.345
6360 31 25.644000000000002 53.971000000000004
6372 31 25.644000000000002 53.443999999999996
6384 31 25.644000000000002 52.894
6396 31 25.644000000000002 52.52
6408 31 25.644000000000002 51.992
6420 31 25.644000000000002 51.442
6432 31 25.644000000000002 51.068000000000005
6444 31 25.644000000000002 50.54
6456 31 25.688000000000002 49.99100000000001
6468 31 25.688000000000002 49.617
6480 31 25.688000000000002 49.089
6480 37 -30.857 43.635
6492 37 -30.615 43.81100000000001
6492 31 25.688000000000002 48.538999999999994
6504 31 25.688000000000002 48.165
6504 37 -30.307 44.008
6516 37 -29.976999999999997 44.47
6528 37 -29.625 44.821999999999996
6540 37 -29.295 45.174
6552 37 -28.943 45.548
6564 37 -28.613000000000003 46.01
6576 37 -28.305 46.361999999999995
6588 37 -27.930999999999997 46.714
6600 37 -27.601999999999997 47.088
6612 37 -27.25 47.549
6624 37 -26.898000000000003 47.813
6636 37 -26.59 48.165
6648 37 -26.215999999999998 48.538999999999994
6660 37 -25.886 49.001000000000005
6672 37 -25.534000000000002 49.353
6684 37 -25.226 49.705
6696 37 -24.874000000000002 49.903
6708 37 -24.478 50.277
6720 38 -24.171 50.453
6732 38 -23.775 50.628
6744 38 -23.467 50.803999999999995
6756 38 -23.070999999999998 51.156000000000006
6768 38 -22.719 51.354
6780 38 -22.323 51.53
6792 38 -22.015 51.903999999999996
6804 38 -21.619 52.431999999999995
6816 38 -21.223000000000003 52.982
6828 38 -20.828000000000003 53.356
6840 38 -20.387999999999998 53.883
6852 38 -20.08 54.433
6864 38 -19.684 54.983000000000004
6876 38 -19.288 55.511
6888 38 -18.892 55.885
6900 38 -18.496 56.435
6912 38 -18.144000000000002 56.963
6924 38 -17.749000000000002 57.336000000000006
6936 38 -17.352999999999998 57.71
6948 38 -17.045 57.886
7500 41 -29.647 7.17
7500 39 -16.473 6.62
7512 39 -16.473 6.62
7512 41 -29.647 7.17
7524 39 -16.473 6.62
7524 41 -29.647 7.17
7536 39 -16.473 6.62
7536 41 -29.647 7.17
7548 39 -16.473 6.62
7548 41 -29.647 7.17
7560 39 -16.473 6.62
7560 41 -29.647 7.17
7572 39 -16.473 6.62
7572 41 -29.647 7.17
7584 41 -29.647 7.17
7584 39 -16.473 6.62
7596 41 -29.647 7.17
7596 39 -16.473 6.62
7608 39 -16.473 6.62
7608 41 -29.647 7.17
7620 39 -16.473 6.62
7620 41 -29.647 7.17
7632 39 -16.473 6.62
7632 41 -29.647 7.17
7644 39 -16.473 6.62
7644 41 -29.647 7.17
7656 41 -29.647 7.17
7656 39 -16.473 6.62
7668 41 -29.647 7.17
7668 39 -16.473 6.62
7680 39 -16.473 6.62
7680 41 -29.647 7.17
7692 41 -29.647 7.17
7692 39 -16.473 6.62
7704 41 -29.647 7.17
7704 39 -16.473 6.62
7716 41 -29.647 7.17
7716 39 -16.473 6.62
7728 41 -29.647 7.17
7728 39 -16.473 6.62
7740 42 -29.647 7.17
7740 40 -16.473 6.62
7752 42 -29.647 7.17
7752 40 -16.473 6.62
7764 42 -29.647 7.17
7764 40 -16.473 6.62
7776 40 -16.473 6.62
7776 42 -29.647 7.17
7788 40 -16.473 6.62
7788 42 -29.647 7.17
7800 40 -16.473 6.62
7800 42 -29.647 7.17
7812 42 -29.647 7.17
7812 40 -16.473 6.62
7824 40 -16.473 6.62
7824 42 -29.647 7.17
7836 42 -29.647 7.17
7836 40 -16.473 6.62
7848 40 -16.473 6.62
7848 42 -29.647 7.17
7860 40 -16.473 6.62
7860 42 -29.647 7.17
7872 42 -29.647 7.17
7872 40 -16.473 6.62
7884 42 -29.647 7.17
7884 40 -16.473 6.62
7896 42 -29.647 7.17
7896 40 -16.473 6.62
7908 42 -29.647 7.17
7908 43 -15.439 61.053000000000004
7908 40 -16.473 6.62
7920 40 -16.473 6.62
7920 42 -29.647 7.17
7920 43 -15.835 60.591
7932 42 -29.647 7.17
7932 43 -16.275 60.152
7932 40 -16.473 6.62
7944 43 -16.715 59.8
7944 40 -16.473 6.62
7944 42 -29.647 7.17
7956 42 -29.647 7.17
7956 40 -16.473 6.62
7956 43 -17.111 59.338
7968 42 -29.647 7.17
7968 40 -16.473 6.62
7968 43 -17.507 58.964
7980 43 -17.945999999999998 58.43600000000001
7992 43 -18.364 58.062
8004 43 -18.782 57.688
8016 43 -19.046 57.336000000000006
8028 43 -19.354 57.071999999999996
8040 43 -19.684 56.611000000000004
8052 43 -20.014 56.25899999999999
8064 43 -20.3 55.885
8076 43 -20.651999999999997 55.621
8076 132 25.732 21.048000000000002
8088 43 -20.916 55.247
8088 132 25.116 19.86
8100 43 -21.267 54.895
8100 132 24.808000000000003 19.86
8112 43 -21.531 54.631
8112 132 24.544 19.684
8124 43 -21.883000000000003 54.147
8124 132 24.237 19.684
8136 132 24.017 19.684
8136 43 -22.169 53.795
8148 132 23.929000000000002 19.684
8148 44 -22.565 53.443999999999996
8160 132 23.203000000000003 19.508
8160 44 -22.961 53.092
8172 132 22.389 19.508
8172 44 -23.379 52.52
8184 44 -23.775 52.168
8184 132 21.509 19.332
8196 44 -24.171 51.816
8196 132 20.63 19.332
8208 44 -24.566 51.244
8208 132 19.75 19.156
8220 132 18.87 19.156
8220 44 -24.984 50.891999999999996
8232 132 18.078 19.156
8232 44 -25.38 50.54
8244 132 17.771 19.156
8244 44 -25.776 50.18899999999999
8256 132 17.375 19.156
8256 44 -26.26 49.617
8268 132 16.935 19.332
8268 44 -26.656 49.265
8280 44 -27.052 48.736999999999995
8280 132 16.627 19.332
8292 44 -27.448 48.341
8292 132 16.230999999999998 19.332
8304 44 -27.776999999999997 47.813
8304 132 15.659 19.332
8316 133 15.175 19.156
8316 44 -28.173000000000002 47.461000000000006
8328 44 -28.569000000000003 46.89
8328 133 14.648 19.156
8340 44 -28.987 46.538000000000004
8340 133 14.164000000000001 18.958
8352 44 -29.383000000000003 46.01
8352 133 13.592 18.782
8364 133 13.02 18.782
8364 44 -29.779 45.636
8376 44 -30.087 45.086000000000006
8376 133 12.47 18.782
8388 133 11.92 18.782
8400 133 11.436 18.782
8412 133 10.865 18.782
8424 133 10.293 18.782
8436 133 9.765 18.782
8448 133 9.193 18.782
8460 133 8.621 18.782
8472 133 8.05 18.782
8484 133 7.566 18.782
8496 133 7.037999999999999 18.782
8508 133 6.466 18.782
8520 133 5.938 18.782
8532 133 5.388 18.782
8544 133 4.861000000000001 18.782
8556 134 4.289 18.782
8568 134 3.783 18.782
8580 134 3.2110000000000003 18.782
8592 134 2.6830000000000003 18.782
8604 134 2.1109999999999998 18.605999999999998
8616 134 1.6280000000000001 18.605999999999998
8628 134 1.056 18.605999999999998
8640 134 0.484 18.605999999999998
8652 134 0.0 18.605999999999998
8664 134 -0.55 18.605999999999998
8676 134 -1.1 18.605999999999998
8688 134 -1.584 18.605999999999998
8700 134 -2.155 18.605999999999998
8712 134 -2.705 18.605999999999998
8724 134 -3.1889999999999996 18.605999999999998
8736 134 -3.739 18.605999999999998
8748 134 -4.311 18.605999999999998
8760 134 -4.795 18.605999999999998
8772 134 -5.3660000000000005 18.408
8784 134 -5.827999999999999 18.408
8796 135 -6.312 18.408
8808 135 -6.796 18.408
8820 135 -7.346 18.408
8832 135 -7.83 18.408
8844 135 -8.312999999999999 18.408
8856 135 -8.797 18.408
8868 135 -9.369 18.408
8880 135 -9.831 18.408
8892 135 -10.315 18.605999999999998
8904 135 -10.799000000000001 18.605999999999998
8916 135 -11.283 18.605999999999998
8928 135 -11.744000000000002 18.782
8940 135 -12.228 18.782
8952 135 -12.8 18.782
8964 135 -13.284 18.782
8976 135 -13.856 18.605999999999998
8988 135 -14.318 18.408
9000 135 -14.800999999999998 18.408
9012 135 -15.263 18.32
9024 135 -15.769 18.43
9036 136 -16.209 18.518
9048 136 -16.692999999999998 18.605999999999998
9060 136 -17.111 18.694000000000003
9072 136 -17.683 18.518
9084 136 -18.254 18.518
9096 136 -18.804000000000002 18.518
9108 136 -19.354 18.518
9120 136 -19.838 18.518
9132 136 -20.41 18.518
9144 136 -20.982 18.518
9156 136 -21.531 18.342
9168 136 -21.993000000000002 18.342
9180 136 -22.565 18.342
9192 136 -23.136999999999997 18.342
9204 136 -23.709 18.342
9216 136 -24.237 18.342
9228 136 -24.72 18.342
9240 136 -25.291999999999998 18.342
9252 136 -25.864 18.342
9264 136 -26.348000000000003 18.342
9504 58 -21.729 53.817
9516 58 -21.993000000000002 53.422
9528 58 -22.345 53.07
9540 58 -22.609 52.718
9552 58 -22.916999999999998 52.542
9564 58 -23.225 52.168
9576 58 -23.533 51.794
9588 58 -23.819000000000003 51.442
9600 58 -24.105 51.09
9612 58 -24.413 50.716
9624 58 -24.698 50.518
9636 58 -25.006 50.167
9648 58 -25.291999999999998 49.815
9660 58 -25.622 49.463
9660 90 24.544 23.775
9672 58 -25.886 49.067
9672 90 24.017 23.775
9684 58 -26.215999999999998 48.715
9684 90 23.533 23.775
9696 58 -26.502 48.538999999999994
9696 90 22.961 23.775
9708 58 -26.81 48.187
9708 90 22.389 23.775
9720 58 -27.096 47.813
9720 90 21.905 23.576999999999998
9732 58 -27.426 47.43899999999999
9732 90 21.377 23.576999999999998
9744 90 20.805999999999997 23.576999999999998
9756 90 20.322 23.576999999999998
9768 90 19.75 23.576999999999998
9780 90 19.178 23.401
9792 90 18.715999999999998 23.401
9804 90 18.166 23.401
9816 90 17.595 23.401
9828 90 17.111 23.401
9840 90 16.539 23.225
9852 90 16.055 23.225
9864 90 15.527000000000001 23.225
9876 90 14.955 23.225
9888 90 14.472000000000001 23.049
9900 91 13.9 23.049
9912 91 13.35 23.049
9924 91 12.888 23.049
9936 91 12.315999999999999 23.049
9948 91 11.744000000000002 22.873
9960 91 11.261 22.873
9972 91 10.689 22.873
9984 68 25.468000000000004 27.206
9984 91 10.161 22.873
9996 91 9.677 22.873
9996 68 25.028000000000002 28.305
10008 68 25.006 30.021
10008 91 9.105 22.697
10020 68 25.006 31.758000000000003
10020 91 8.533 22.697
10032 68 25.006 33.474000000000004
10032 91 8.006 22.697
10044 68 24.962 35.123000000000005
10044 91 7.478 22.697
10056 68 24.962 36.839
10056 91 6.906000000000001 22.697
10056 69 17.529 2.089
10068 91 6.334 22.697
10068 69 17.529 3.915
10068 68 24.918000000000003 38.554
10080 68 24.918000000000003 40.292
10080 69 17.595 5.542000000000001
10080 91 5.784 22.697
10092 91 5.234 22.697
10092 68 24.918000000000003 42.007
10092 69 15.417 14.164000000000001
10104 98 25.05 21.223000000000003
10104 68 24.874000000000002 43.635
10104 69 13.042 17.331
10104 91 4.707 22.697
10116 69 13.174000000000001 17.243
10116 98 24.391 21.223000000000003
10116 91 4.135 22.697
10116 68 24.874000000000002 45.35
10128 98 23.775 21.223000000000003
10128 69 13.262 17.243
10128 91 3.6069999999999998 22.697
10128 68 24.874000000000002 47.088
10140 92 3.057 22.697
10140 69 13.262 17.243
10140 98 23.115 21.048000000000002
10140 68 24.83 48.825
10152 68 24.83 50.54
10152 92 2.5069999999999997 22.697
10152 98 22.476999999999997 21.048000000000002
10152 69 13.262 17.243
10164 68 24.83 52.168
10164 69 13.262 17.243
10164 92 1.979 22.697
10164 98 21.839000000000002 20.872
10176 92 1.4080000000000001 22.609
10176 69 13.262 17.243
10176 68 24.785999999999998 53.883
10176 98 21.201 20.872
10188 92 0.858 22.609
10188 98 20.564 20.872
10188 68 24.785999999999998 55.621
10188 69 13.262 17.243
10200 92 0.308 22.609
10200 69 13.262 17.243
10200 98 19.926 20.695999999999998
10200 68 24.785999999999998 57.336000000000006
10212 68 24.764 59.052
10212 98 19.288 20.695999999999998
10212 69 13.262 17.243
10212 92 -0.22 22.609
10224 98 18.628 20.52
10224 92 -0.792 22.609
10224 69 13.262 17.243
10236 92 -1.3419999999999999 22.609
10236 69 13.262 17.243
10236 98 17.99 20.52
10248 92 -1.913 22.609
10248 98 17.352999999999998 20.52
10248 69 13.262 17.243
10260 92 -2.463 22.499000000000002
10260 69 13.262 17.243
10260 98 16.715 20.322
10272 92 -2.991 22.499000000000002
10272 69 13.262 17.243
10272 98 16.077 20.322
10284 69 13.262 17.243
10284 92 -3.5410000000000004 22.499000000000002
10284 98 15.439 20.322
10296 70 13.262 17.243
10296 92 -4.113 22.499000000000002
10296 98 14.800999999999998 20.146
10308 98 14.142000000000001 20.146
10308 92 -4.663 22.499000000000002
10308 70 13.262 17.243
10320 98 13.504000000000001 19.948
10320 92 -5.19 22.499000000000002
10320 70 13.262 17.243
10332 92 -5.718 22.499000000000002
10332 98 12.866 19.948
10332 70 13.262 17.243
10344 70 13.262 17.243
10344 99 12.228 19.948
10344 92 -6.268 22.410999999999998
10356 92 -6.84 22.410999999999998
10356 70 13.262 17.243
10356 99 11.59 19.772000000000002
10368 99 10.953 19.772000000000002
10368 92 -7.39 22.410999999999998
10368 70 13.262 17.243
10380 70 13.262 17.243
10380 93 -7.94 22.410999999999998
10380 99 10.315 19.596
10392 93 -8.467 22.410999999999998
10392 99 9.655 19.596
10392 70 13.262 17.243
10404 70 13.262 17.243
10404 99 9.039 19.596
10404 93 -9.039 22.410999999999998
10416 93 -9.611 22.410999999999998
10416 99 8.379 19.42
10416 70 13.262 17.243
10428 70 13.262 17.243
10428 93 -10.139 22.410999999999998
10428 99 7.742000000000001 19.42
10440 93 -10.710999999999999 22.410999999999998
10440 99 7.104 19.244
10440 70 13.262 17.243
10452 70 13.262 17.243
10452 99 6.466 19.244
10452 93 -11.239 22.410999999999998
10464 70 13.262 17.243
10464 99 5.827999999999999 19.244
10464 93 -11.81 22.410999999999998
10476 99 5.167999999999999 19.067999999999998
10476 93 -12.338 22.410999999999998
10476 70 13.262 17.243
10488 99 4.553 19.067999999999998
10488 70 13.262 17.243
10488 93 -12.91 22.410999999999998
10500 93 -13.394 22.410999999999998
10500 70 13.262 17.243
10500 99 3.9810000000000003 19.067999999999998
10512 70 13.262 17.243
10512 99 3.4530000000000003 18.892
10512 93 -13.966 22.323
10524 93 -14.494000000000002 22.235
10524 70 13.262 17.243
10524 99 2.991 18.694000000000003
10536 93 -15.020999999999999 22.235
10536 99 2.463 18.605999999999998
10548 99 1.979 18.43
10548 93 -15.505 22.235
10560 99 1.452 18.342
10560 93 -15.989 22.147
10572 99 0.924 18.254
10572 93 -16.561 22.235
10584 93 -17.045 22.235
10584 100 0.308 18.254
10596 93 -17.529 22.235
10596 95 -30.109 23.599
10596 100 -0.396 18.342
10608 95 -30.483 24.478
10608 100 -1.056 18.342
10608 93 -18.012 22.410999999999998
10620 95 -30.615 24.698
10620 94 -18.496 22.410999999999998
10620 100 -1.715 18.43
10632 100 -2.375 18.43
10632 95 -30.329 24.303
10632 94 -18.98 22.410999999999998
10644 100 -3.035 18.605999999999998
10644 95 -29.823 24.478
10644 94 -19.53 22.410999999999998
10656 94 -19.992 22.410999999999998
10656 95 -29.339000000000002 24.478
10656 100 -3.5189999999999997 18.605999999999998
10668 95 -28.767 24.698
10668 100 -4.069 18.605999999999998
10668 94 -20.476 22.410999999999998
10680 94 -20.96 22.410999999999998
10680 95 -28.305 24.874000000000002
10680 100 -4.619 18.605999999999998
10692 94 -21.531 22.410999999999998
10692 95 -27.865 25.05
10692 100 -5.19 18.694000000000003
10704 100 -5.982 18.87
10704 94 -22.103 22.410999999999998
10704 95 -27.47 25.05
10716 94 -22.653000000000002 22.410999999999998
10716 95 -27.074 25.226
10716 100 -6.73 19.046
10728 95 -26.656 25.401999999999997
10728 94 -23.203000000000003 22.410999999999998
10728 100 -7.522 19.222
10740 100 -8.225 19.42
10740 94 -23.775 22.410999999999998
10740 95 -26.238000000000003 25.578000000000003
10752 100 -9.017000000000001 19.42
10752 95 -25.776 25.578000000000003
10752 94 -24.346999999999998 22.410999999999998
10764 94 -25.05 22.410999999999998
10764 100 -9.501 19.42
10764 95 -25.248 25.401999999999997
10776 94 -25.776 22.410999999999998
10776 100 -10.073 19.42
10776 95 -24.698 25.226
10788 94 -26.502 22.410999999999998
10788 95 -24.127 25.05
10788 100 -10.645 19.222
10800 94 -27.206 22.235
10800 95 -23.576999999999998 24.874000000000002
10800 100 -11.217 19.222
10812 100 -11.677999999999999 19.046
10812 95 -23.049 24.698
10812 94 -27.953000000000003 22.235
10824 94 -28.656999999999996 22.235
10824 101 -12.228 19.046
10824 95 -22.499000000000002 24.478
10836 94 -29.141 22.235
10836 101 -12.8 18.87
10836 96 -21.927 24.478
10848 94 -29.339000000000002 22.235
10848 96 -21.377 24.478
10848 101 -13.372 18.87
10860 101 -13.9 18.87
10860 96 -20.718000000000004 24.478
10872 101 -14.472000000000001 18.87
10872 96 -20.168 24.478
10884 96 -19.618 24.478
10884 101 -15.043 18.694000000000003
10896 96 -19.134 24.478
10896 101 -15.681 18.694000000000003
10908 96 -18.65 24.478
10908 101 -16.407 18.518
10920 96 -18.166 24.698
10920 101 -17.045 18.518
10932 96 -17.683 24.698
10932 101 -17.683 18.518
10944 101 -18.342 18.342
10944 96 -17.199 24.698
10956 101 -19.046 18.342
10956 96 -16.715 24.698
10968 101 -19.618 18.144000000000002
10968 96 -16.253 24.874000000000002
10980 101 -20.168 17.771
10980 96 -15.769 24.874000000000002
10992 101 -20.805999999999997 17.595
10992 96 -15.285 24.874000000000002
11004 101 -21.377 17.331
11004 96 -14.713 24.962
11016 101 -22.015 17.419
11016 96 -14.252 24.962
11028 96 -13.767999999999999 24.874000000000002
11028 101 -22.609 17.507
11040 96 -13.284 24.874000000000002
11040 101 -23.203000000000003 17.507
11052 96 -12.8 24.764
11052 101 -23.863000000000003 17.595
11064 96 -12.315999999999999 24.764
11064 102 25.358 29.756999999999998
11076 102 25.358 29.933000000000003
11076 97 -11.832 24.764
11088 97 -11.349 24.676
11088 102 25.401999999999997 30.307
11100 102 25.445999999999998 30.857
11100 97 -10.843 24.764
11112 102 25.445999999999998 31.208000000000002
11112 97 -10.359000000000002 24.676
11124 97 -9.875 24.676
11124 102 25.534000000000002 31.581999999999997
11136 97 -9.391 24.588
11136 102 25.578000000000003 31.934
11148 97 -8.907 24.588
11148 102 25.578000000000003 32.308
11160 97 -8.423 24.5
11160 102 25.6 32.836
11172 97 -7.94 24.5
11172 102 25.644000000000002 33.21
11184 97 -7.39 24.588
11184 102 25.732 33.562
11196 97 -6.906000000000001 24.588
11196 102 25.732 34.111999999999995
11208 97 -6.356 24.588
11208 102 25.732 34.661
11220 102 25.732 35.013000000000005
11220 97 -5.784 24.588
11232 102 25.732 35.563
11232 97 -5.3 24.588
11244 102 25.732 36.113
11244 97 -4.751 24.588
11256 102 25.732 36.465
11256 97 -4.2669999999999995 24.588
11268 102 25.732 37.015
11268 97 -3.717 24.588
11280 97 -3.233 24.588
11280 102 25.732 37.564
11292 97 -2.7489999999999997 24.588
11292 102 25.732 37.916
11304 97 -2.265 24.588
